# DESCRIPTION: Verilator output: Timestamp data for --skip-identical.  Delete at will.
C "-Wno-lint --error-limit 0 --trace --trace-fst --debug -Iinclude -Irtl -CFLAGS -Irtl -Iinclude -O0 -g --cc rtl/ethernet_rx.sv --top-module ethernet_rx --exe generated/ethernet_rx/ethernet_rx_tb.cpp generated/ethernet_rx/ethernet_rx_input.cpp --build"
S  13299656  6314267  1752437264   578383306  1705136080           0 "/usr/bin/verilator_bin_dbg"
S      4942  6685411  1752437264   589383559  1705136080           0 "/usr/share/verilator/include/verilated_std.sv"
S      2177  3539726  1753898818   566030990  1753898818   566030990 "include/rx_pkg.sv"
T      5409  3540535  1754592319   216734863  1754592319   216734863 "obj_dir/Vethernet_rx.cpp"
T      3534  3540534  1754592319   216315577  1754592319   216315577 "obj_dir/Vethernet_rx.h"
T      2112  3540548  1754592319   292761983  1754592319   292761983 "obj_dir/Vethernet_rx.mk"
T   1001390  3540546  1754592319   290686985  1754592319   290686985 "obj_dir/Vethernet_rx.xml"
T    913830  3540463  1754592314   443076792  1754592314   443076792 "obj_dir/Vethernet_rx_001_cells.tree"
T   1069166  3540464  1754592314   501576818  1754592314   501576818 "obj_dir/Vethernet_rx_006_linkjump.tree"
T   1065868  3540465  1754592314   538551558  1754592314   538551558 "obj_dir/Vethernet_rx_007_linkinc.tree"
T   1090692  3540466  1754592314   586976756  1754592314   586976756 "obj_dir/Vethernet_rx_009_linkdotparam.tree"
T   1404855  3540467  1754592314   668339256  1754592314   668339256 "obj_dir/Vethernet_rx_012_width.tree"
T   1404777  3540468  1754592314   718566482  1754592314   718566482 "obj_dir/Vethernet_rx_014_const.tree"
T        93  3540469  1754592314   729589189  1754592314   729589189 "obj_dir/Vethernet_rx_015_assertpre.tree"
T        93  3540470  1754592314   732589251  1754592314   732589251 "obj_dir/Vethernet_rx_016_assert.tree"
T   1371835  3540471  1754592314   788680537  1754592314   788680537 "obj_dir/Vethernet_rx_018_const.tree"
T   1343995  3540472  1754592314   882500134  1754592314   882500134 "obj_dir/Vethernet_rx_023_begin.tree"
T   1344578  3540473  1754592314   931404701  1754592314   931404701 "obj_dir/Vethernet_rx_024_tristate.tree"
T   1344572  3540474  1754592314   995630308  1754592314   995630308 "obj_dir/Vethernet_rx_025_unknown.tree"
T        93  3540475  1754592314   999594853  1754592314   999594853 "obj_dir/Vethernet_rx_026_dfg-extract.tree"
T   1353588  3540476  1754592315    52279423  1754592315    52279423 "obj_dir/Vethernet_rx_027_dfg-optimize.tree"
T   1533012  3540477  1754592315   111792643  1754592315   111792643 "obj_dir/Vethernet_rx_028_inline.tree"
T        93  3540478  1754592315   120597413  1754592315   120597413 "obj_dir/Vethernet_rx_030_interface.tree"
T   1539920  3540479  1754592315   175672886  1754592315   175672886 "obj_dir/Vethernet_rx_031_dfg-optimize.tree"
T   1530056  3540480  1754592315   229139767  1754592315   229139767 "obj_dir/Vethernet_rx_032_const.tree"
T   1509635  3540481  1754592315   273921362  1754592315   273921362 "obj_dir/Vethernet_rx_033_deadDtypes.tree"
T        93  3540482  1754592315   278600757  1754592315   278600757 "obj_dir/Vethernet_rx_034_inst.tree"
T        93  3540483  1754592315   283600863  1754592315   283600863 "obj_dir/Vethernet_rx_035_const.tree"
T   1924914  3540484  1754592315   354230168  1754592315   354230168 "obj_dir/Vethernet_rx_036_scope.tree"
T   1920848  3540485  1754592315   418716000  1754592315   418716000 "obj_dir/Vethernet_rx_037_linkdot.tree"
T        93  3540486  1754592315   422603805  1754592315   422603805 "obj_dir/Vethernet_rx_038_class.tree"
T        93  3540487  1754592315   431603995  1754592315   431603995 "obj_dir/Vethernet_rx_039_const.tree"
T        93  3540488  1754592315   437604122  1754592315   437604122 "obj_dir/Vethernet_rx_040_deadDtypesScoped.tree"
T   1954252  3540489  1754592315   498507646  1754592315   498507646 "obj_dir/Vethernet_rx_041_case.tree"
T        93  3540490  1754592315   503605519  1754592315   503605519 "obj_dir/Vethernet_rx_042_task.tree"
T   2068599  3540491  1754592315   573782132  1754592315   573782132 "obj_dir/Vethernet_rx_044_unroll.tree"
T        93  3540492  1754592315   578607107  1754592315   578607107 "obj_dir/Vethernet_rx_045_slice.tree"
T   2025940  3540493  1754592315   645114862  1754592315   645114862 "obj_dir/Vethernet_rx_046_const.tree"
T   2003840  3540494  1754592315   706914178  1754592315   706914178 "obj_dir/Vethernet_rx_047_life.tree"
T        93  3540495  1754592315   711609921  1754592315   711609921 "obj_dir/Vethernet_rx_048_table.tree"
T   2003316  3540496  1754592315   775886821  1754592315   775886821 "obj_dir/Vethernet_rx_049_const.tree"
T        93  3540497  1754592315   779611361  1754592315   779611361 "obj_dir/Vethernet_rx_050_deadDtypesScoped.tree"
T   2020700  3540498  1754592315   843679486  1754592315   843679486 "obj_dir/Vethernet_rx_051_active.tree"
T   2124515  3540499  1754592315   924135702  1754592315   924135702 "obj_dir/Vethernet_rx_052_split.tree"
T        93  3540500  1754592315   931614577  1754592315   931614577 "obj_dir/Vethernet_rx_053_splitas.tree"
T   2226429  3540501  1754592316     7250973  1754592316     7250973 "obj_dir/Vethernet_rx_054_tracedecl.tree"
T   2163812  3540502  1754592316    82649268  1754592316    82649268 "obj_dir/Vethernet_rx_055_gate.tree"
T   2150915  3540503  1754592316   154245581  1754592316   154245581 "obj_dir/Vethernet_rx_056_const.tree"
T   2099805  3540504  1754592316   220123095  1754592316   220123095 "obj_dir/Vethernet_rx_057_deadAllScoped.tree"
T   2099519  3540505  1754592316   292190702  1754592316   292190702 "obj_dir/Vethernet_rx_058_reorder.tree"
T   2160483  3540506  1754592316   356242252  1754592316   356242252 "obj_dir/Vethernet_rx_059_delayed.tree"
T   2158386  3540507  1754592316   431870143  1754592316   431870143 "obj_dir/Vethernet_rx_060_activetop.tree"
T   7231127  3540508  1754592316   683766687  1754592316   683766687 "obj_dir/Vethernet_rx_061_sched.tree"
T   7222236  3540509  1754592316   892245856  1754592316   892245856 "obj_dir/Vethernet_rx_062_clock.tree"
T   7222018  3540510  1754592317   128623594  1754592317   128623594 "obj_dir/Vethernet_rx_063_const.tree"
T        93  3540511  1754592317   164640918  1754592317   164640918 "obj_dir/Vethernet_rx_064_life.tree"
T   7253768  3540512  1754592317   413181881  1754592317   413181881 "obj_dir/Vethernet_rx_065_life_post.tree"
T   7230679  3540513  1754592317   655425498  1754592317   655425498 "obj_dir/Vethernet_rx_066_const.tree"
T   7160999  3540514  1754592317   864800234  1754592317   864800234 "obj_dir/Vethernet_rx_067_deadAllScoped.tree"
T   7268770  3540515  1754592318    79552337  1754592318    79552337 "obj_dir/Vethernet_rx_068_trace.tree"
T   5892327  3540516  1754592318   277979950  1754592318   277979950 "obj_dir/Vethernet_rx_070_descope.tree"
T   2152267  3540517  1754592318   364482212  1754592318   364482212 "obj_dir/Vethernet_rx_071_combine.tree"
T   2152053  3540518  1754592318   434989635  1754592318   434989635 "obj_dir/Vethernet_rx_072_const.tree"
T   2150682  3540519  1754592318   502057662  1754592318   502057662 "obj_dir/Vethernet_rx_073_deadAll.tree"
T   2313970  3540520  1754592318   582694445  1754592318   582694445 "obj_dir/Vethernet_rx_074_clean.tree"
T   2333713  3540521  1754592318   657996124  1754592318   657996124 "obj_dir/Vethernet_rx_075_premit.tree"
T   1840087  3540522  1754592318   822000993  1754592318   822000993 "obj_dir/Vethernet_rx_076_expand.tree"
T   1417272  3540523  1754592318   885238121  1754592318   885238121 "obj_dir/Vethernet_rx_077_const_cpp.tree"
T   1315303  3540524  1754592318   933091539  1754592318   933091539 "obj_dir/Vethernet_rx_078_subst.tree"
T   1301968  3540525  1754592318   978439123  1754592318   978439123 "obj_dir/Vethernet_rx_079_const_cpp.tree"
T   1283739  3540526  1754592319    24512559  1754592319    24512559 "obj_dir/Vethernet_rx_080_deadAll.tree"
T   1290279  3540527  1754592319   107709504  1754592319   107709504 "obj_dir/Vethernet_rx_084_cast.tree"
T   1321139  3540528  1754592319   151247463  1754592319   151247463 "obj_dir/Vethernet_rx_085_cctors.tree"
T        93  3540529  1754592319   153683985  1754592319   153683985 "obj_dir/Vethernet_rx_086_common.tree"
T   1323179  3540530  1754592319   200489034  1754592319   200489034 "obj_dir/Vethernet_rx_087_variableorder.tree"
T        93  3540531  1754592319   205685123  1754592319   205685123 "obj_dir/Vethernet_rx_088_cuse.tree"
T   1323160  3540550  1754592319   344995151  1754592319   344995151 "obj_dir/Vethernet_rx_990_final.tree"
T      8748  3540458  1754592314   387582014  1754592314   387582014 "obj_dir/Vethernet_rx__IP_rx.vpp"
T     14415  3540457  1754592314   380581867  1754592314   380581867 "obj_dir/Vethernet_rx__MAC_rx.vpp"
T       800  3540532  1754592319   214685321  1754592319   214685321 "obj_dir/Vethernet_rx__Syms.cpp"
T      1164  3540533  1754592319   215948641  1754592319   215948641 "obj_dir/Vethernet_rx__Syms.h"
T      1312  3540544  1754592319   231685693  1754592319   231685693 "obj_dir/Vethernet_rx__TraceDecls__0__Slow.cpp"
T     17636  3540545  1754592319   232685715  1754592319   232685715 "obj_dir/Vethernet_rx__Trace__0.cpp"
T     58530  3540543  1754592319   231685693  1754592319   231685693 "obj_dir/Vethernet_rx__Trace__0__Slow.cpp"
T      7799  3540537  1754592319   217601527  1754592319   217601527 "obj_dir/Vethernet_rx___024root.h"
T      2980  3540541  1754592319   224079971  1754592319   224079971 "obj_dir/Vethernet_rx___024root__DepSet_h79b7ff74__0.cpp"
T      1448  3540539  1754592319   218757821  1754592319   218757821 "obj_dir/Vethernet_rx___024root__DepSet_h79b7ff74__0__Slow.cpp"
T    137876  3540542  1754592319   228685627  1754592319   228685627 "obj_dir/Vethernet_rx___024root__DepSet_h7fb63c4b__0.cpp"
T     78242  3540540  1754592319   220685452  1754592319   220685452 "obj_dir/Vethernet_rx___024root__DepSet_h7fb63c4b__0__Slow.cpp"
T       717  3540538  1754592319   217823318  1754592319   217823318 "obj_dir/Vethernet_rx___024root__Slow.cpp"
T      1484  3540462  1754592314   409582475  1754592314   409582475 "obj_dir/Vethernet_rx__chksum_tcp_pl.vpp"
T     21265  3540459  1754592314   393582140  1754592314   393582140 "obj_dir/Vethernet_rx__crc32_parallel_64bit.vpp"
T      3167  3540455  1754592314   377581804  1754592314   377581804 "obj_dir/Vethernet_rx__ethernet_rx.sv.vpp"
T     45357  3540456  1754592314   409582475  1754592314   409582475 "obj_dir/Vethernet_rx__inputs.vpp"
T       724  3540536  1754592319   216955792  1754592319   216955792 "obj_dir/Vethernet_rx__pch.h"
T      1021  3540461  1754592314   408582454  1754592314   408582454 "obj_dir/Vethernet_rx__priority_encoder.vpp"
T     78691  3540549  1754592319   303446097  1754592319   303446097 "obj_dir/Vethernet_rx__stats.txt"
T      3987  3540551  1754592319   350688299  1754592319   350688299 "obj_dir/Vethernet_rx__ver.d"
T         0        0  1754592319   351688321  1754592319   351688321 "obj_dir/Vethernet_rx__verFiles.dat"
T      5438  3540454  1754592314   373581720  1754592314   373581720 "obj_dir/Vethernet_rx__verilated_std.sv.vpp"
T      1059  3540460  1754592314   407582433  1754592314   407582433 "obj_dir/Vethernet_rx__xgmii_little_to_big.vpp"
T      1799  3540547  1754592319   292586500  1754592319   292586500 "obj_dir/Vethernet_rx_classes.mk"
S      9342  3539035  1754351574   552362965  1754351574   552362965 "rtl/IP_rx.sv"
S     14555  3539036  1753904137   475254531  1753904137   475254531 "rtl/MAC_rx.sv"
S      1348  3539038  1754488607   773029537  1754488607   773029537 "rtl/chksum_tcp_pl.sv"
S     20950  3539039  1753898819   342688275  1753898819   342688275 "rtl/crc32_parallel_64bit.sv"
S      1751  3539881  1753898819   342688275  1753898819   342688275 "rtl/ethernet_rx.sv"
S       874  3539285  1754592195   489837379  1754592195   489837379 "rtl/priority_encoder.sv"
S      1322  3539040  1753898819   342763997  1753898819   342763997 "rtl/xgmii_little_to_big.sv"
