# DESCRIPTION: Verilator output: Timestamp data for --skip-identical.  Delete at will.
C "-Wno-lint --error-limit 0 --trace --trace-fst --debug -Iinclude -Irtl -CFLAGS -Irtl -Iinclude -O0 -g --cc rtl/IP_rx.sv --top-module IP_rx --exe generated/IP_rx/IP_rx_tb.cpp generated/IP_rx/IP_rx_input.cpp --build"
S  13299656  6314267  1752437264   578383306  1705136080           0 "/usr/bin/verilator_bin_dbg"
S      4942  6685411  1752437264   589383559  1705136080           0 "/usr/share/verilator/include/verilated_std.sv"
S      1001  3539725  1753898818   564976437  1753898818   564976437 "include/chksum_tcp_pl.sv"
S      2177  3539726  1753898818   566030990  1753898818   566030990 "include/rx_pkg.sv"
T      5191  3539782  1754246054   172496962  1754246054   172496962 "obj_dir/VIP_rx.cpp"
T      3534  3539781  1754246054   172417070  1754246054   172417070 "obj_dir/VIP_rx.h"
T      2022  3539795  1754246054   178445635  1754246054   178445635 "obj_dir/VIP_rx.mk"
T    257124  3539793  1754246054   178345294  1754246054   178345294 "obj_dir/VIP_rx.xml"
T     75024  3539615  1754246054    36026256  1754246054    36026256 "obj_dir/VIP_rx_001_cells.tree"
T     95425  3539616  1754246054    38028828  1754246054    38028828 "obj_dir/VIP_rx_006_linkjump.tree"
T        89  3539617  1754246054    38028828  1754246054    38028828 "obj_dir/VIP_rx_007_linkinc.tree"
T     95579  3539618  1754246054    41707862  1754246054    41707862 "obj_dir/VIP_rx_009_linkdotparam.tree"
T    102325  3539619  1754246054    43464437  1754246054    43464437 "obj_dir/VIP_rx_012_width.tree"
T     97019  3539620  1754246054    44821163  1754246054    44821163 "obj_dir/VIP_rx_014_const.tree"
T        89  3539621  1754246054    44821163  1754246054    44821163 "obj_dir/VIP_rx_015_assertpre.tree"
T        89  3539622  1754246054    44821163  1754246054    44821163 "obj_dir/VIP_rx_016_assert.tree"
T     98824  3539623  1754246054    46882406  1754246054    46882406 "obj_dir/VIP_rx_018_const.tree"
T     93745  3539624  1754246054    48675049  1754246054    48675049 "obj_dir/VIP_rx_023_begin.tree"
T        89  3539625  1754246054    48675049  1754246054    48675049 "obj_dir/VIP_rx_024_tristate.tree"
T     94151  3539626  1754246054    50098692  1754246054    50098692 "obj_dir/VIP_rx_025_unknown.tree"
T        91  3539627  1754246054    50098692  1754246054    50098692 "obj_dir/VIP_rx_026_dfg-extract.tree"
T     95423  3539643  1754246054    53063770  1754246054    53063770 "obj_dir/VIP_rx_027_dfg-optimize.tree"
T    100866  3539684  1754246054    54343119  1754246054    54343119 "obj_dir/VIP_rx_028_inline.tree"
T        91  3539687  1754246054    54343119  1754246054    54343119 "obj_dir/VIP_rx_030_interface.tree"
T    102284  3539705  1754246054    56108911  1754246054    56108911 "obj_dir/VIP_rx_031_dfg-optimize.tree"
T     99614  3539719  1754246054    57437323  1754246054    57437323 "obj_dir/VIP_rx_032_const.tree"
T     90608  3539727  1754246054    58793307  1754246054    58793307 "obj_dir/VIP_rx_033_deadDtypes.tree"
T        91  3539728  1754246054    58793307  1754246054    58793307 "obj_dir/VIP_rx_034_inst.tree"
T        91  3539729  1754246054    58793307  1754246054    58793307 "obj_dir/VIP_rx_035_const.tree"
T    136863  3539730  1754246054    61085609  1754246054    61085609 "obj_dir/VIP_rx_036_scope.tree"
T    136347  3539731  1754246054    62830983  1754246054    62830983 "obj_dir/VIP_rx_037_linkdot.tree"
T        91  3539732  1754246054    62830983  1754246054    62830983 "obj_dir/VIP_rx_038_class.tree"
T        91  3539733  1754246054    62830983  1754246054    62830983 "obj_dir/VIP_rx_039_const.tree"
T        91  3539734  1754246054    62830983  1754246054    62830983 "obj_dir/VIP_rx_040_deadDtypesScoped.tree"
T    146103  3539735  1754246054    64918025  1754246054    64918025 "obj_dir/VIP_rx_041_case.tree"
T        91  3539736  1754246054    64918025  1754246054    64918025 "obj_dir/VIP_rx_042_task.tree"
T    146450  3539737  1754246054    66622641  1754246054    66622641 "obj_dir/VIP_rx_044_unroll.tree"
T        91  3539738  1754246054    66622641  1754246054    66622641 "obj_dir/VIP_rx_045_slice.tree"
T    144426  3539739  1754246054    68741783  1754246054    68741783 "obj_dir/VIP_rx_046_const.tree"
T        91  3539740  1754246054    68741783  1754246054    68741783 "obj_dir/VIP_rx_047_life.tree"
T        91  3539741  1754246054    68741783  1754246054    68741783 "obj_dir/VIP_rx_048_table.tree"
T        91  3539742  1754246054    68741783  1754246054    68741783 "obj_dir/VIP_rx_049_const.tree"
T        91  3539743  1754246054    68741783  1754246054    68741783 "obj_dir/VIP_rx_050_deadDtypesScoped.tree"
T    145194  3539744  1754246054    71060626  1754246054    71060626 "obj_dir/VIP_rx_051_active.tree"
T    180574  3539745  1754246054    73153489  1754246054    73153489 "obj_dir/VIP_rx_052_split.tree"
T        91  3539746  1754246054    73153489  1754246054    73153489 "obj_dir/VIP_rx_053_splitas.tree"
T    214093  3539747  1754246054    75361560  1754246054    75361560 "obj_dir/VIP_rx_054_tracedecl.tree"
T    195775  3539748  1754246054    77574712  1754246054    77574712 "obj_dir/VIP_rx_055_gate.tree"
T    186921  3539749  1754246054    79979888  1754246054    79979888 "obj_dir/VIP_rx_056_const.tree"
T    170937  3539750  1754246054    81698591  1754246054    81698591 "obj_dir/VIP_rx_057_deadAllScoped.tree"
T    170801  3539751  1754246054    83531731  1754246054    83531731 "obj_dir/VIP_rx_058_reorder.tree"
T    191016  3539752  1754246054    85287664  1754246054    85287664 "obj_dir/VIP_rx_059_delayed.tree"
T    190950  3539753  1754246054    87152274  1754246054    87152274 "obj_dir/VIP_rx_060_activetop.tree"
T    426338  3539754  1754246054    92351985  1754246054    92351985 "obj_dir/VIP_rx_061_sched.tree"
T    422642  3539755  1754246054    96357599  1754246054    96357599 "obj_dir/VIP_rx_062_clock.tree"
T    422444  3539756  1754246054   100468774  1754246054   100468774 "obj_dir/VIP_rx_063_const.tree"
T        91  3539757  1754246054   100468774  1754246054   100468774 "obj_dir/VIP_rx_064_life.tree"
T    419563  3539758  1754246054   105482201  1754246054   105482201 "obj_dir/VIP_rx_065_life_post.tree"
T    411960  3539759  1754246054   109544263  1754246054   109544263 "obj_dir/VIP_rx_066_const.tree"
T    400327  3539760  1754246054   113797106  1754246054   113797106 "obj_dir/VIP_rx_067_deadAllScoped.tree"
T    443080  3539761  1754246054   118645561  1754246054   118645561 "obj_dir/VIP_rx_068_trace.tree"
T    334037  3539762  1754246054   123189637  1754246054   123189637 "obj_dir/VIP_rx_070_descope.tree"
T        91  3539763  1754246054   123189637  1754246054   123189637 "obj_dir/VIP_rx_071_combine.tree"
T    333706  3539764  1754246054   127401132  1754246054   127401132 "obj_dir/VIP_rx_072_const.tree"
T    332349  3539765  1754246054   130811126  1754246054   130811126 "obj_dir/VIP_rx_073_deadAll.tree"
T    383733  3539766  1754246054   135337268  1754246054   135337268 "obj_dir/VIP_rx_074_clean.tree"
T    383992  3539767  1754246054   139456077  1754246054   139456077 "obj_dir/VIP_rx_075_premit.tree"
T    372452  3539768  1754246054   143390156  1754246054   143390156 "obj_dir/VIP_rx_076_expand.tree"
T    351478  3539769  1754246054   147154402  1754246054   147154402 "obj_dir/VIP_rx_077_const_cpp.tree"
T    349521  3539770  1754246054   150649437  1754246054   150649437 "obj_dir/VIP_rx_078_subst.tree"
T    349517  3539771  1754246054   154356464  1754246054   154356464 "obj_dir/VIP_rx_079_const_cpp.tree"
T    346861  3539772  1754246054   157916773  1754246054   157916773 "obj_dir/VIP_rx_080_deadAll.tree"
T    339074  3539774  1754246054   163804420  1754246054   163804420 "obj_dir/VIP_rx_084_cast.tree"
T    350586  3539775  1754246054   167225134  1754246054   167225134 "obj_dir/VIP_rx_085_cctors.tree"
T        91  3539776  1754246054   167225134  1754246054   167225134 "obj_dir/VIP_rx_086_common.tree"
T    351850  3539777  1754246054   171102094  1754246054   171102094 "obj_dir/VIP_rx_087_variableorder.tree"
T        91  3539778  1754246054   171102094  1754246054   171102094 "obj_dir/VIP_rx_088_cuse.tree"
T    352772  3539797  1754246054   183263621  1754246054   183263621 "obj_dir/VIP_rx_990_final.tree"
T      9482  3539612  1754246054    32649808  1754246054    32649808 "obj_dir/VIP_rx__IP_rx.sv.vpp"
T       752  3539779  1754246054   172235846  1754246054   172235846 "obj_dir/VIP_rx__Syms.cpp"
T      1110  3539780  1754246054   172345715  1754246054   172345715 "obj_dir/VIP_rx__Syms.h"
T       897  3539791  1754246054   173998883  1754246054   173998883 "obj_dir/VIP_rx__TraceDecls__0__Slow.cpp"
T      4887  3539792  1754246054   174121105  1754246054   174121105 "obj_dir/VIP_rx__Trace__0.cpp"
T     19525  3539790  1754246054   173998883  1754246054   173998883 "obj_dir/VIP_rx__Trace__0__Slow.cpp"
T      2409  3539784  1754246054   172613984  1754246054   172613984 "obj_dir/VIP_rx___024root.h"
T      1828  3539788  1754246054   173230134  1754246054   173230134 "obj_dir/VIP_rx___024root__DepSet_h011c3e59__0.cpp"
T       860  3539786  1754246054   172767095  1754246054   172767095 "obj_dir/VIP_rx___024root__DepSet_h011c3e59__0__Slow.cpp"
T     32025  3539789  1754246054   173645863  1754246054   173645863 "obj_dir/VIP_rx___024root__DepSet_h25a303cf__0.cpp"
T     21036  3539787  1754246054   173068447  1754246054   173068447 "obj_dir/VIP_rx___024root__DepSet_h25a303cf__0__Slow.cpp"
T       639  3539785  1754246054   172662576  1754246054   172662576 "obj_dir/VIP_rx___024root__Slow.cpp"
T      1201  3539614  1754246054    33649831  1754246054    33649831 "obj_dir/VIP_rx__chksum_tcp_pl.vpp"
T      8998  3539613  1754246054    33649831  1754246054    33649831 "obj_dir/VIP_rx__inputs.vpp"
T       694  3539783  1754246054   172539983  1754246054   172539983 "obj_dir/VIP_rx__pch.h"
T     69291  3539796  1754246054   180252054  1754246054   180252054 "obj_dir/VIP_rx__stats.txt"
T      3114  3539798  1754246054   183263621  1754246054   183263621 "obj_dir/VIP_rx__ver.d"
T         0        0  1754246054   184136909  1754246054   184136909 "obj_dir/VIP_rx__verFiles.dat"
T      5438  3539611  1754246054    30649762  1754246054    30649762 "obj_dir/VIP_rx__verilated_std.sv.vpp"
T      1733  3539794  1754246054   178393616  1754246054   178393616 "obj_dir/VIP_rx_classes.mk"
S      9011  3539035  1753898819   342443826  1753898819   342443826 "rtl/IP_rx.sv"
