# DESCRIPTION: Verilator output: Timestamp data for --skip-identical.  Delete at will.
C "-Wno-lint --error-limit 0 --trace --trace-fst --debug -Iinclude -Irtl -CFLAGS -Irtl -Iinclude -O0 -g --cc rtl/IP_UDP_rx.sv --top-module IP_UDP_rx --exe generated/IP_UDP_rx/IP_UDP_rx_tb.cpp generated/IP_UDP_rx/IP_UDP_rx_input.cpp --build"
S  13299656  6314267  1752437264   578383306  1705136080           0 "/usr/bin/verilator_bin_dbg"
S      4942  6685411  1752437264   589383559  1705136080           0 "/usr/share/verilator/include/verilated_std.sv"
S      1348  3539725  1754343956   493055933  1754343956   493055933 "include/chksum_tcp_pl.sv"
S      2177  3539726  1753898818   566030990  1753898818   566030990 "include/rx_pkg.sv"
T      5341  3539779  1754343961   613254859  1754343961   613254859 "obj_dir/VIP_UDP_rx.cpp"
T      3529  3539778  1754343961   612916826  1754343961   612916826 "obj_dir/VIP_UDP_rx.h"
T      2082  3539792  1754343961   642809179  1754343961   642809179 "obj_dir/VIP_UDP_rx.mk"
T    353340  3539790  1754343961   641003711  1754343961   641003711 "obj_dir/VIP_UDP_rx.xml"
T    110454  3539612  1754343960   892821132  1754343960   892821132 "obj_dir/VIP_UDP_rx_001_cells.tree"
T    140948  3539613  1754343960   902405802  1754343960   902405802 "obj_dir/VIP_UDP_rx_006_linkjump.tree"
T        89  3539614  1754343960   902405802  1754343960   902405802 "obj_dir/VIP_UDP_rx_007_linkinc.tree"
T    140952  3539615  1754343960   914543720  1754343960   914543720 "obj_dir/VIP_UDP_rx_009_linkdotparam.tree"
T    150112  3539616  1754343960   922955788  1754343960   922955788 "obj_dir/VIP_UDP_rx_012_width.tree"
T    144434  3539617  1754343960   929233665  1754343960   929233665 "obj_dir/VIP_UDP_rx_014_const.tree"
T        91  3539618  1754343960   930983941  1754343960   930983941 "obj_dir/VIP_UDP_rx_015_assertpre.tree"
T        91  3539619  1754343960   931983969  1754343960   931983969 "obj_dir/VIP_UDP_rx_016_assert.tree"
T    142905  3539620  1754343960   939575705  1754343960   939575705 "obj_dir/VIP_UDP_rx_018_const.tree"
T    135912  3539621  1754343960   948546146  1754343960   948546146 "obj_dir/VIP_UDP_rx_023_begin.tree"
T        91  3539622  1754343960   948984443  1754343960   948984443 "obj_dir/VIP_UDP_rx_024_tristate.tree"
T    136302  3539623  1754343960   955104536  1754343960   955104536 "obj_dir/VIP_UDP_rx_025_unknown.tree"
T        91  3539624  1754343960   955104536  1754343960   955104536 "obj_dir/VIP_UDP_rx_026_dfg-extract.tree"
T    138801  3539625  1754343960   961733030  1754343960   961733030 "obj_dir/VIP_UDP_rx_027_dfg-optimize.tree"
T    158760  3539626  1754343960   967789676  1754343960   967789676 "obj_dir/VIP_UDP_rx_028_inline.tree"
T        91  3539627  1754343960   968985000  1754343960   968985000 "obj_dir/VIP_UDP_rx_030_interface.tree"
T    161129  3539643  1754343960   975940136  1754343960   975940136 "obj_dir/VIP_UDP_rx_031_dfg-optimize.tree"
T    157274  3539684  1754343960   981526998  1754343960   981526998 "obj_dir/VIP_UDP_rx_032_const.tree"
T    145187  3539687  1754343960   986862782  1754343960   986862782 "obj_dir/VIP_UDP_rx_033_deadDtypes.tree"
T        91  3539705  1754343960   986862782  1754343960   986862782 "obj_dir/VIP_UDP_rx_034_inst.tree"
T        91  3539719  1754343960   986985502  1754343960   986985502 "obj_dir/VIP_UDP_rx_035_const.tree"
T    223572  3539727  1754343960   996853875  1754343960   996853875 "obj_dir/VIP_UDP_rx_036_scope.tree"
T    222629  3539728  1754343961     4928370  1754343961     4928370 "obj_dir/VIP_UDP_rx_037_linkdot.tree"
T        91  3539729  1754343961     4986003  1754343961     4986003 "obj_dir/VIP_UDP_rx_038_class.tree"
T        91  3539730  1754343961     4986003  1754343961     4986003 "obj_dir/VIP_UDP_rx_039_const.tree"
T        91  3539731  1754343961     5986031  1754343961     5986031 "obj_dir/VIP_UDP_rx_040_deadDtypesScoped.tree"
T    239321  3539732  1754343961    15994648  1754343961    15994648 "obj_dir/VIP_UDP_rx_041_case.tree"
T        91  3539733  1754343961    15994648  1754343961    15994648 "obj_dir/VIP_UDP_rx_042_task.tree"
T    239579  3539734  1754343961    25707982  1754343961    25707982 "obj_dir/VIP_UDP_rx_044_unroll.tree"
T        91  3539735  1754343961    25986588  1754343961    25986588 "obj_dir/VIP_UDP_rx_045_slice.tree"
T    236297  3539736  1754343961    34434208  1754343961    34434208 "obj_dir/VIP_UDP_rx_046_const.tree"
T        91  3539737  1754343961    34986839  1754343961    34986839 "obj_dir/VIP_UDP_rx_047_life.tree"
T        91  3539738  1754343961    34986839  1754343961    34986839 "obj_dir/VIP_UDP_rx_048_table.tree"
T        91  3539739  1754343961    35986867  1754343961    35986867 "obj_dir/VIP_UDP_rx_049_const.tree"
T        91  3539740  1754343961    36986894  1754343961    36986894 "obj_dir/VIP_UDP_rx_050_deadDtypesScoped.tree"
T    236974  3539741  1754343961    46100348  1754343961    46100348 "obj_dir/VIP_UDP_rx_051_active.tree"
T    296163  3539742  1754343961    58895125  1754343961    58895125 "obj_dir/VIP_UDP_rx_052_split.tree"
T        91  3539743  1754343961    58987507  1754343961    58987507 "obj_dir/VIP_UDP_rx_053_splitas.tree"
T    348638  3539744  1754343961    72782873  1754343961    72782873 "obj_dir/VIP_UDP_rx_054_tracedecl.tree"
T    317447  3539745  1754343961    85816886  1754343961    85816886 "obj_dir/VIP_UDP_rx_055_gate.tree"
T    307244  3539746  1754343961    97476323  1754343961    97476323 "obj_dir/VIP_UDP_rx_056_const.tree"
T    281826  3539747  1754343961   108330227  1754343961   108330227 "obj_dir/VIP_UDP_rx_057_deadAllScoped.tree"
T    281627  3539748  1754343961   118859704  1754343961   118859704 "obj_dir/VIP_UDP_rx_058_reorder.tree"
T    315273  3539749  1754343961   130107258  1754343961   130107258 "obj_dir/VIP_UDP_rx_059_delayed.tree"
T    315188  3539750  1754343961   141701651  1754343961   141701651 "obj_dir/VIP_UDP_rx_060_activetop.tree"
T    646543  3539751  1754343961   170915393  1754343961   170915393 "obj_dir/VIP_UDP_rx_061_sched.tree"
T    642803  3539752  1754343961   194711466  1754343961   194711466 "obj_dir/VIP_UDP_rx_062_clock.tree"
T    642605  3539753  1754343961   218224279  1754343961   218224279 "obj_dir/VIP_UDP_rx_063_const.tree"
T        91  3539754  1754343961   221992045  1754343961   221992045 "obj_dir/VIP_UDP_rx_064_life.tree"
T    636544  3539755  1754343961   245817948  1754343961   245817948 "obj_dir/VIP_UDP_rx_065_life_post.tree"
T    623834  3539756  1754343961   269604653  1754343961   269604653 "obj_dir/VIP_UDP_rx_066_const.tree"
T    607670  3539757  1754343961   293850241  1754343961   293850241 "obj_dir/VIP_UDP_rx_067_deadAllScoped.tree"
T    660226  3539758  1754343961   318168948  1754343961   318168948 "obj_dir/VIP_UDP_rx_068_trace.tree"
T    493436  3539759  1754343961   342196571  1754343961   342196571 "obj_dir/VIP_UDP_rx_070_descope.tree"
T        91  3539760  1754343961   344995470  1754343961   344995470 "obj_dir/VIP_UDP_rx_071_combine.tree"
T    493113  3539761  1754343961   364009079  1754343961   364009079 "obj_dir/VIP_UDP_rx_072_const.tree"
T    491756  3539762  1754343961   383234614  1754343961   383234614 "obj_dir/VIP_UDP_rx_073_deadAll.tree"
T    568604  3539763  1754343961   406339261  1754343961   406339261 "obj_dir/VIP_UDP_rx_074_clean.tree"
T    568003  3539764  1754343961   428447532  1754343961   428447532 "obj_dir/VIP_UDP_rx_075_premit.tree"
T    546488  3539765  1754343961   449694674  1754343961   449694674 "obj_dir/VIP_UDP_rx_076_expand.tree"
T    500926  3539766  1754343961   469069763  1754343961   469069763 "obj_dir/VIP_UDP_rx_077_const_cpp.tree"
T    498770  3539767  1754343961   486036550  1754343961   486036550 "obj_dir/VIP_UDP_rx_078_subst.tree"
T    498766  3539768  1754343961   508800188  1754343961   508800188 "obj_dir/VIP_UDP_rx_079_const_cpp.tree"
T    497396  3539769  1754343961   529308554  1754343961   529308554 "obj_dir/VIP_UDP_rx_080_deadAll.tree"
T    480809  3539770  1754343961   562314492  1754343961   562314492 "obj_dir/VIP_UDP_rx_084_cast.tree"
T    497142  3539771  1754343961   582625573  1754343961   582625573 "obj_dir/VIP_UDP_rx_085_cctors.tree"
T        91  3539772  1754343961   585949639  1754343961   585949639 "obj_dir/VIP_UDP_rx_086_common.tree"
T    498245  3539774  1754343961   605213437  1754343961   605213437 "obj_dir/VIP_UDP_rx_087_variableorder.tree"
T        91  3539775  1754343961   608002792  1754343961   608002792 "obj_dir/VIP_UDP_rx_088_cuse.tree"
T    499020  3539794  1754343961   666405842  1754343961   666405842 "obj_dir/VIP_UDP_rx_990_final.tree"
T      2868  3539607  1754343960   876982435  1754343960   876982435 "obj_dir/VIP_UDP_rx__IP_UDP_rx.sv.vpp"
T      8748  3539609  1754343960   880982547  1754343960   880982547 "obj_dir/VIP_UDP_rx__IP_rx.vpp"
T       784  3539776  1754343961   612136481  1754343961   612136481 "obj_dir/VIP_UDP_rx__Syms.cpp"
T      1146  3539777  1754343961   612616805  1754343961   612616805 "obj_dir/VIP_UDP_rx__Syms.h"
T      1331  3539788  1754343961   620003126  1754343961   620003126 "obj_dir/VIP_UDP_rx__TraceDecls__0__Slow.cpp"
T      7554  3539789  1754343961   621980904  1754343961   621980904 "obj_dir/VIP_UDP_rx__Trace__0.cpp"
T     27488  3539787  1754343961   620003126  1754343961   620003126 "obj_dir/VIP_UDP_rx__Trace__0__Slow.cpp"
T      4847  3539610  1754343960   884982658  1754343960   884982658 "obj_dir/VIP_UDP_rx__UDP_rx.vpp"
T      3732  3539781  1754343961   613861163  1754343961   613861163 "obj_dir/VIP_UDP_rx___024root.h"
T      1900  3539785  1754343961   617063897  1754343961   617063897 "obj_dir/VIP_UDP_rx___024root__DepSet_h10d89e9a__0.cpp"
T       904  3539783  1754343961   614593957  1754343961   614593957 "obj_dir/VIP_UDP_rx___024root__DepSet_h10d89e9a__0__Slow.cpp"
T     44029  3539786  1754343961   618003071  1754343961   618003071 "obj_dir/VIP_UDP_rx___024root__DepSet_h8d273ba7__0.cpp"
T     30881  3539784  1754343961   615002987  1754343961   615002987 "obj_dir/VIP_UDP_rx___024root__DepSet_h8d273ba7__0__Slow.cpp"
T       691  3539782  1754343961   614076402  1754343961   614076402 "obj_dir/VIP_UDP_rx___024root__Slow.cpp"
T      1512  3539611  1754343960   886982714  1754343960   886982714 "obj_dir/VIP_UDP_rx__chksum_tcp_pl.vpp"
T     13381  3539608  1754343960   886982714  1754343960   886982714 "obj_dir/VIP_UDP_rx__inputs.vpp"
T       714  3539780  1754343961   613483434  1754343961   613483434 "obj_dir/VIP_UDP_rx__pch.h"
T     70668  3539793  1754343961   649772640  1754343961   649772640 "obj_dir/VIP_UDP_rx__stats.txt"
T      3582  3539795  1754343961   668004463  1754343961   668004463 "obj_dir/VIP_UDP_rx__ver.d"
T         0        0  1754343961   671004546  1754343961   671004546 "obj_dir/VIP_UDP_rx__verFiles.dat"
T      5438  3539237  1754343960   873982352  1754343960   873982352 "obj_dir/VIP_UDP_rx__verilated_std.sv.vpp"
T      1777  3539791  1754343961   642546329  1754343961   642546329 "obj_dir/VIP_UDP_rx_classes.mk"
S      1070  3539557  1754245158    66354143  1754245158    66354143 "rtl/IP_UDP_rx.sv"
S      9342  3539035  1754343563   894052441  1754343563   894052441 "rtl/IP_rx.sv"
S      4594  3539879  1753898819   342688275  1753898819   342688275 "rtl/UDP_rx.sv"
