# DESCRIPTION: Verilator output: Timestamp data for --skip-identical.  Delete at will.
C "-Wno-lint --error-limit 0 --trace --trace-fst --debug -Iinclude -Irtl -CFLAGS -Irtl -Iinclude -O0 -g --cc rtl/IP_UDP_tx.sv --top-module IP_UDP_tx --exe generated/IP_UDP_tx/IP_UDP_tx_tb.cpp generated/IP_UDP_tx/IP_UDP_tx_input.cpp --build"
S  13299656  6314267  1752437264   578383306  1705136080           0 "/usr/bin/verilator_bin_dbg"
S      4942  6685411  1752437264   589383559  1705136080           0 "/usr/share/verilator/include/verilated_std.sv"
T      5369  3539778  1754494363   510926025  1754494363   510926025 "obj_dir/VIP_UDP_tx.cpp"
T      3556  3539777  1754494363   510596363  1754494363   510596363 "obj_dir/VIP_UDP_tx.h"
T      2082  3539791  1754494363   527712913  1754494363   527712913 "obj_dir/VIP_UDP_tx.mk"
T    171798  3539789  1754494363   525444900  1754494363   525444900 "obj_dir/VIP_UDP_tx.xml"
T     68008  3539612  1754494363   158473947  1754494363   158473947 "obj_dir/VIP_UDP_tx_001_cells.tree"
T     83547  3539613  1754494363   164164365  1754494363   164164365 "obj_dir/VIP_UDP_tx_006_linkjump.tree"
T        89  3539614  1754494363   164164365  1754494363   164164365 "obj_dir/VIP_UDP_tx_007_linkinc.tree"
T     84679  3539615  1754494363   172897274  1754494363   172897274 "obj_dir/VIP_UDP_tx_009_linkdotparam.tree"
T     90745  3539616  1754494363   177797918  1754494363   177797918 "obj_dir/VIP_UDP_tx_012_width.tree"
T     85922  3539617  1754494363   181378902  1754494363   181378902 "obj_dir/VIP_UDP_tx_014_const.tree"
T        89  3539618  1754494363   182430778  1754494363   182430778 "obj_dir/VIP_UDP_tx_015_assertpre.tree"
T        89  3539619  1754494363   182430778  1754494363   182430778 "obj_dir/VIP_UDP_tx_016_assert.tree"
T     78800  3539620  1754494363   187388802  1754494363   187388802 "obj_dir/VIP_UDP_tx_018_const.tree"
T     75756  3539621  1754494363   192031872  1754494363   192031872 "obj_dir/VIP_UDP_tx_023_begin.tree"
T        89  3539622  1754494363   192031872  1754494363   192031872 "obj_dir/VIP_UDP_tx_024_tristate.tree"
T     76270  3539623  1754494363   195515911  1754494363   195515911 "obj_dir/VIP_UDP_tx_025_unknown.tree"
T        89  3539624  1754494363   195515911  1754494363   195515911 "obj_dir/VIP_UDP_tx_026_dfg-extract.tree"
T     77275  3539625  1754494363   199240711  1754494363   199240711 "obj_dir/VIP_UDP_tx_027_dfg-optimize.tree"
T     88676  3539626  1754494363   202804051  1754494363   202804051 "obj_dir/VIP_UDP_tx_028_inline.tree"
T        89  3539627  1754494363   202804051  1754494363   202804051 "obj_dir/VIP_UDP_tx_030_interface.tree"
T     89932  3539643  1754494363   207206560  1754494363   207206560 "obj_dir/VIP_UDP_tx_031_dfg-optimize.tree"
T     88279  3539684  1754494363   210436551  1754494363   210436551 "obj_dir/VIP_UDP_tx_032_const.tree"
T     78143  3539687  1754494363   213372028  1754494363   213372028 "obj_dir/VIP_UDP_tx_033_deadDtypes.tree"
T        91  3539705  1754494363   213372028  1754494363   213372028 "obj_dir/VIP_UDP_tx_034_inst.tree"
T        91  3539719  1754494363   213372028  1754494363   213372028 "obj_dir/VIP_UDP_tx_035_const.tree"
T    127471  3539727  1754494363   219166305  1754494363   219166305 "obj_dir/VIP_UDP_tx_036_scope.tree"
T    126840  3539728  1754494363   223681069  1754494363   223681069 "obj_dir/VIP_UDP_tx_037_linkdot.tree"
T        91  3539729  1754494363   223681069  1754494363   223681069 "obj_dir/VIP_UDP_tx_038_class.tree"
T        91  3539730  1754494363   223681069  1754494363   223681069 "obj_dir/VIP_UDP_tx_039_const.tree"
T        91  3539731  1754494363   223681069  1754494363   223681069 "obj_dir/VIP_UDP_tx_040_deadDtypesScoped.tree"
T    137134  3539732  1754494363   229816500  1754494363   229816500 "obj_dir/VIP_UDP_tx_041_case.tree"
T        91  3539733  1754494363   229816500  1754494363   229816500 "obj_dir/VIP_UDP_tx_042_task.tree"
T    136970  3539734  1754494363   235259303  1754494363   235259303 "obj_dir/VIP_UDP_tx_044_unroll.tree"
T        91  3539735  1754494363   235259303  1754494363   235259303 "obj_dir/VIP_UDP_tx_045_slice.tree"
T    134652  3539736  1754494363   240124769  1754494363   240124769 "obj_dir/VIP_UDP_tx_046_const.tree"
T        91  3539737  1754494363   240124769  1754494363   240124769 "obj_dir/VIP_UDP_tx_047_life.tree"
T        91  3539738  1754494363   240124769  1754494363   240124769 "obj_dir/VIP_UDP_tx_048_table.tree"
T        91  3539739  1754494363   240433166  1754494363   240433166 "obj_dir/VIP_UDP_tx_049_const.tree"
T        91  3539740  1754494363   240433166  1754494363   240433166 "obj_dir/VIP_UDP_tx_050_deadDtypesScoped.tree"
T    135144  3539741  1754494363   246524847  1754494363   246524847 "obj_dir/VIP_UDP_tx_051_active.tree"
T    159306  3539742  1754494363   252904927  1754494363   252904927 "obj_dir/VIP_UDP_tx_052_split.tree"
T        91  3539743  1754494363   252904927  1754494363   252904927 "obj_dir/VIP_UDP_tx_053_splitas.tree"
T    203282  3539744  1754494363   260508552  1754494363   260508552 "obj_dir/VIP_UDP_tx_054_tracedecl.tree"
T    164124  3539745  1754494363   266934399  1754494363   266934399 "obj_dir/VIP_UDP_tx_055_gate.tree"
T    160447  3539746  1754494363   272455653  1754494363   272455653 "obj_dir/VIP_UDP_tx_056_const.tree"
T    131930  3539747  1754494363   277091289  1754494363   277091289 "obj_dir/VIP_UDP_tx_057_deadAllScoped.tree"
T        91  3539748  1754494363   277091289  1754494363   277091289 "obj_dir/VIP_UDP_tx_058_reorder.tree"
T    149415  3539749  1754494363   283135034  1754494363   283135034 "obj_dir/VIP_UDP_tx_059_delayed.tree"
T    149391  3539750  1754494363   288184603  1754494363   288184603 "obj_dir/VIP_UDP_tx_060_activetop.tree"
T    329918  3539751  1754494363   303020140  1754494363   303020140 "obj_dir/VIP_UDP_tx_061_sched.tree"
T    326256  3539752  1754494363   314281937  1754494363   314281937 "obj_dir/VIP_UDP_tx_062_clock.tree"
T    326058  3539753  1754494363   325578682  1754494363   325578682 "obj_dir/VIP_UDP_tx_063_const.tree"
T        91  3539754  1754494363   326436707  1754494363   326436707 "obj_dir/VIP_UDP_tx_064_life.tree"
T    322782  3539755  1754494363   339252212  1754494363   339252212 "obj_dir/VIP_UDP_tx_065_life_post.tree"
T    316123  3539756  1754494363   350199486  1754494363   350199486 "obj_dir/VIP_UDP_tx_066_const.tree"
T    306612  3539757  1754494363   360899276  1754494363   360899276 "obj_dir/VIP_UDP_tx_067_deadAllScoped.tree"
T    331391  3539758  1754494363   372939636  1754494363   372939636 "obj_dir/VIP_UDP_tx_068_trace.tree"
T    248399  3539759  1754494363   384332143  1754494363   384332143 "obj_dir/VIP_UDP_tx_070_descope.tree"
T        91  3539760  1754494363   384439095  1754494363   384439095 "obj_dir/VIP_UDP_tx_071_combine.tree"
T    248116  3539761  1754494363   394815599  1754494363   394815599 "obj_dir/VIP_UDP_tx_072_const.tree"
T    246759  3539762  1754494363   403881366  1754494363   403881366 "obj_dir/VIP_UDP_tx_073_deadAll.tree"
T    282509  3539763  1754494363   414625291  1754494363   414625291 "obj_dir/VIP_UDP_tx_074_clean.tree"
T    286891  3539764  1754494363   425444449  1754494363   425444449 "obj_dir/VIP_UDP_tx_075_premit.tree"
T    277228  3539765  1754494363   436047985  1754494363   436047985 "obj_dir/VIP_UDP_tx_076_expand.tree"
T    255220  3539766  1754494363   445907404  1754494363   445907404 "obj_dir/VIP_UDP_tx_077_const_cpp.tree"
T    250430  3539767  1754494363   455141214  1754494363   455141214 "obj_dir/VIP_UDP_tx_078_subst.tree"
T    250420  3539768  1754494363   464183436  1754494363   464183436 "obj_dir/VIP_UDP_tx_079_const_cpp.tree"
T    248327  3539769  1754494363   473393020  1754494363   473393020 "obj_dir/VIP_UDP_tx_080_deadAll.tree"
T    245766  3539770  1754494363   487405049  1754494363   487405049 "obj_dir/VIP_UDP_tx_084_cast.tree"
T    255752  3539771  1754494363   496482268  1754494363   496482268 "obj_dir/VIP_UDP_tx_085_cctors.tree"
T        91  3539772  1754494363   496482268  1754494363   496482268 "obj_dir/VIP_UDP_tx_086_common.tree"
T    256559  3539774  1754494363   506681168  1754494363   506681168 "obj_dir/VIP_UDP_tx_087_variableorder.tree"
T        91  3539792  1754494363   506681168  1754494363   506681168 "obj_dir/VIP_UDP_tx_088_cuse.tree"
T    257761  3540190  1754494363   541575696  1754494363   541575696 "obj_dir/VIP_UDP_tx_990_final.tree"
T      2104  3539607  1754494363   148429378  1754494363   148429378 "obj_dir/VIP_UDP_tx__IP_UDP_tx.sv.vpp"
T      5677  3539611  1754494363   152429543  1754494363   152429543 "obj_dir/VIP_UDP_tx__IP_for_udp_tx.vpp"
T       784  3539775  1754494363   509855072  1754494363   509855072 "obj_dir/VIP_UDP_tx__Syms.cpp"
T      1146  3539776  1754494363   510284535  1754494363   510284535 "obj_dir/VIP_UDP_tx__Syms.h"
T      1167  3539787  1754494363   514444447  1754494363   514444447 "obj_dir/VIP_UDP_tx__TraceDecls__0__Slow.cpp"
T      3843  3539788  1754494363   516368457  1754494363   516368457 "obj_dir/VIP_UDP_tx__Trace__0.cpp"
T     20959  3539786  1754494363   514444447  1754494363   514444447 "obj_dir/VIP_UDP_tx__Trace__0__Slow.cpp"
T      3182  3539609  1754494363   150429460  1754494363   150429460 "obj_dir/VIP_UDP_tx__UDP_tx.vpp"
T      2422  3539780  1754494363   511405093  1754494363   511405093 "obj_dir/VIP_UDP_tx___024root.h"
T     23206  3539785  1754494363   513444406  1754494363   513444406 "obj_dir/VIP_UDP_tx___024root__DepSet_h1f400be5__0.cpp"
T     16838  3539783  1754494363   512890290  1754494363   512890290 "obj_dir/VIP_UDP_tx___024root__DepSet_h1f400be5__0__Slow.cpp"
T      1900  3539784  1754494363   513412471  1754494363   513412471 "obj_dir/VIP_UDP_tx___024root__DepSet_hec1f690b__0.cpp"
T       904  3539782  1754494363   511973653  1754494363   511973653 "obj_dir/VIP_UDP_tx___024root__DepSet_hec1f690b__0__Slow.cpp"
T       691  3539781  1754494363   511630615  1754494363   511630615 "obj_dir/VIP_UDP_tx___024root__Slow.cpp"
T      9200  3539608  1754494363   152429543  1754494363   152429543 "obj_dir/VIP_UDP_tx__inputs.vpp"
T       714  3539779  1754494363   511113504  1754494363   511113504 "obj_dir/VIP_UDP_tx__pch.h"
T     65355  3539793  1754494363   533624925  1754494363   533624925 "obj_dir/VIP_UDP_tx__stats.txt"
T      3517  3539794  1754494363   541575696  1754494363   541575696 "obj_dir/VIP_UDP_tx__ver.d"
T         0        0  1754494363   542445600  1754494363   542445600 "obj_dir/VIP_UDP_tx__verFiles.dat"
T      5438  3539237  1754494363   145781938  1754494363   145781938 "obj_dir/VIP_UDP_tx__verilated_std.sv.vpp"
T      1777  3539790  1754494363   526444941  1754494363   526444941 "obj_dir/VIP_UDP_tx_classes.mk"
S      2125  3540188  1754494350   522910612  1754494350   522910612 "rtl/IP_UDP_tx.sv"
S      6810  3540202  1754494276   574913674  1754494276   574913674 "rtl/IP_for_udp_tx.sv"
S      4045  3539880  1754494028   504115632  1754494028   504115632 "rtl/UDP_tx.sv"
