# DESCRIPTION: Verilator output: Timestamp data for --skip-identical.  Delete at will.
C "-Wno-lint --error-limit 0 --trace --trace-fst --debug -Iinclude -Irtl -CFLAGS -Irtl -Iinclude -O0 -g --cc rtl/MAC_rx.sv --top-module MAC_rx --exe generated/MAC_rx/MAC_rx_tb.cpp generated/MAC_rx/MAC_rx_input.cpp --build"
S  13299656  6314267  1752437264   578383306  1705136080           0 "/usr/bin/verilator_bin_dbg"
S      4942  6685411  1752437264   589383559  1705136080           0 "/usr/share/verilator/include/verilated_std.sv"
T      5176  3539787  1753897662   417238124  1753897662   417238124 "obj_dir/VMAC_rx.cpp"
T      3495  3539786  1753897662   417155927  1753897662   417155927 "obj_dir/VMAC_rx.h"
T      2037  3539800  1753897662   436846656  1753897662   436846656 "obj_dir/VMAC_rx.mk"
T    936919  3539798  1753897662   436191161  1753897662   436191161 "obj_dir/VMAC_rx.xml"
T    815789  3539715  1753897660   194683942  1753897660   194683942 "obj_dir/VMAC_rx_001_cells.tree"
T    941770  3539716  1753897660   240540800  1753897660   240540800 "obj_dir/VMAC_rx_006_linkjump.tree"
T    939005  3539717  1753897660   267118908  1753897660   267118908 "obj_dir/VMAC_rx_007_linkinc.tree"
T    963067  3539718  1753897660   310166857  1753897660   310166857 "obj_dir/VMAC_rx_009_linkdotparam.tree"
T   1276157  3539719  1753897660   381818123  1753897660   381818123 "obj_dir/VMAC_rx_012_width.tree"
T   1278982  3539720  1753897660   433455862  1753897660   433455862 "obj_dir/VMAC_rx_014_const.tree"
T        93  3539721  1753897660   443114496  1753897660   443114496 "obj_dir/VMAC_rx_015_assertpre.tree"
T        93  3539722  1753897660   448114688  1753897660   448114688 "obj_dir/VMAC_rx_016_assert.tree"
T   1252696  3539723  1753897660   498358925  1753897660   498358925 "obj_dir/VMAC_rx_018_const.tree"
T   1230175  3539724  1753897660   577662445  1753897660   577662445 "obj_dir/VMAC_rx_023_begin.tree"
T   1230799  3539725  1753897660   623407470  1753897660   623407470 "obj_dir/VMAC_rx_024_tristate.tree"
T   1230793  3539726  1753897660   674676663  1753897660   674676663 "obj_dir/VMAC_rx_025_unknown.tree"
T        93  3539727  1753897660   679123572  1753897660   679123572 "obj_dir/VMAC_rx_026_dfg-extract.tree"
T   1237783  3539728  1753897660   727125418  1753897660   727125418 "obj_dir/VMAC_rx_027_dfg-optimize.tree"
T   1313912  3539729  1753897660   771001680  1753897660   771001680 "obj_dir/VMAC_rx_028_inline.tree"
T        93  3539730  1753897660   779127418  1753897660   779127418 "obj_dir/VMAC_rx_030_interface.tree"
T   1317101  3539731  1753897660   825536928  1753897660   825536928 "obj_dir/VMAC_rx_031_dfg-optimize.tree"
T   1310838  3539732  1753897660   874913928  1753897660   874913928 "obj_dir/VMAC_rx_032_const.tree"
T   1299613  3539733  1753897660   923734882  1753897660   923734882 "obj_dir/VMAC_rx_033_deadDtypes.tree"
T        93  3539734  1753897660   929133187  1753897660   929133187 "obj_dir/VMAC_rx_034_inst.tree"
T        93  3539735  1753897660   934133379  1753897660   934133379 "obj_dir/VMAC_rx_035_const.tree"
T   1601558  3539736  1753897660   998998526  1753897660   998998526 "obj_dir/VMAC_rx_036_scope.tree"
T   1598595  3539737  1753897661    59010443  1753897661    59010443 "obj_dir/VMAC_rx_037_linkdot.tree"
T        93  3539738  1753897661    64138379  1753897661    64138379 "obj_dir/VMAC_rx_038_class.tree"
T        93  3539739  1753897661    70138610  1753897661    70138610 "obj_dir/VMAC_rx_039_const.tree"
T        93  3539740  1753897661    75138803  1753897661    75138803 "obj_dir/VMAC_rx_040_deadDtypesScoped.tree"
T   1619729  3539741  1753897661   126939240  1753897661   126939240 "obj_dir/VMAC_rx_041_case.tree"
T        93  3539742  1753897661   133141034  1753897661   133141034 "obj_dir/VMAC_rx_042_task.tree"
T   1726811  3539743  1753897661   195851822  1753897661   195851822 "obj_dir/VMAC_rx_044_unroll.tree"
T        93  3539744  1753897661   201143649  1753897661   201143649 "obj_dir/VMAC_rx_045_slice.tree"
T   1687051  3539745  1753897661   258860427  1753897661   258860427 "obj_dir/VMAC_rx_046_const.tree"
T   1668739  3539746  1753897661   314126485  1753897661   314126485 "obj_dir/VMAC_rx_047_life.tree"
T        93  3539747  1753897661   318148150  1753897661   318148150 "obj_dir/VMAC_rx_048_table.tree"
T   1668215  3539748  1753897661   363540406  1753897661   363540406 "obj_dir/VMAC_rx_049_const.tree"
T        93  3539749  1753897661   369150112  1753897661   369150112 "obj_dir/VMAC_rx_050_deadDtypesScoped.tree"
T   1685465  3539750  1753897661   403858988  1753897661   403858988 "obj_dir/VMAC_rx_051_active.tree"
T   1748404  3539751  1753897661   438067620  1753897661   438067620 "obj_dir/VMAC_rx_052_split.tree"
T        93  3539752  1753897661   442152920  1753897661   442152920 "obj_dir/VMAC_rx_053_splitas.tree"
T   1797497  3539753  1753897661   466178464  1753897661   466178464 "obj_dir/VMAC_rx_054_tracedecl.tree"
T   1763826  3539754  1753897661   490129051  1753897661   490129051 "obj_dir/VMAC_rx_055_gate.tree"
T   1757085  3539755  1753897661   512335588  1753897661   512335588 "obj_dir/VMAC_rx_056_const.tree"
T   1735356  3539756  1753897661   531260740  1753897661   531260740 "obj_dir/VMAC_rx_057_deadAllScoped.tree"
T   1735192  3539757  1753897661   551140732  1753897661   551140732 "obj_dir/VMAC_rx_058_reorder.tree"
T   1764777  3539758  1753897661   572695681  1753897661   572695681 "obj_dir/VMAC_rx_059_delayed.tree"
T   1763307  3539759  1753897661   594351573  1753897661   594351573 "obj_dir/VMAC_rx_060_activetop.tree"
T   4968742  3539760  1753897661   659230661  1753897661   659230661 "obj_dir/VMAC_rx_061_sched.tree"
T   4964498  3539761  1753897661   716078147  1753897661   716078147 "obj_dir/VMAC_rx_062_clock.tree"
T   4964291  3539762  1753897661   780467006  1753897661   780467006 "obj_dir/VMAC_rx_063_const.tree"
T        93  3539763  1753897661   794166461  1753897661   794166461 "obj_dir/VMAC_rx_064_life.tree"
T   4993337  3539764  1753897661   859379077  1753897661   859379077 "obj_dir/VMAC_rx_065_life_post.tree"
T   4982196  3539765  1753897661   909735994  1753897661   909735994 "obj_dir/VMAC_rx_066_const.tree"
T   4933423  3539766  1753897661   952628545  1753897661   952628545 "obj_dir/VMAC_rx_067_deadAllScoped.tree"
T   4988052  3539767  1753897661   996687651  1753897661   996687651 "obj_dir/VMAC_rx_068_trace.tree"
T   4101116  3539768  1753897662    38951630  1753897662    38951630 "obj_dir/VMAC_rx_070_descope.tree"
T        93  3539769  1753897662    44176078  1753897662    44176078 "obj_dir/VMAC_rx_071_combine.tree"
T   4100813  3539770  1753897662    81979691  1753897662    81979691 "obj_dir/VMAC_rx_072_const.tree"
T   4099443  3539771  1753897662   119871447  1753897662   119871447 "obj_dir/VMAC_rx_073_deadAll.tree"
T   4308756  3539772  1753897662   162726247  1753897662   162726247 "obj_dir/VMAC_rx_074_clean.tree"
T   4323757  3539773  1753897662   203092010  1753897662   203092010 "obj_dir/VMAC_rx_075_premit.tree"
T   1734274  3539774  1753897662   305234931  1753897662   305234931 "obj_dir/VMAC_rx_076_expand.tree"
T   1271245  3539775  1753897662   322206512  1753897662   322206512 "obj_dir/VMAC_rx_077_const_cpp.tree"
T   1167916  3539776  1753897662   336190483  1753897662   336190483 "obj_dir/VMAC_rx_078_subst.tree"
T   1155608  3539777  1753897662   351743778  1753897662   351743778 "obj_dir/VMAC_rx_079_const_cpp.tree"
T   1137555  3539778  1753897662   365459605  1753897662   365459605 "obj_dir/VMAC_rx_080_deadAll.tree"
T   1171625  3539779  1753897662   386669774  1753897662   386669774 "obj_dir/VMAC_rx_084_cast.tree"
T   1187004  3539780  1753897662   399353604  1753897662   399353604 "obj_dir/VMAC_rx_085_cctors.tree"
T        95  3539781  1753897662   400189776  1753897662   400189776 "obj_dir/VMAC_rx_086_common.tree"
T   1190982  3539782  1753897662   413053100  1753897662   413053100 "obj_dir/VMAC_rx_087_variableorder.tree"
T        95  3539783  1753897662   414190314  1753897662   414190314 "obj_dir/VMAC_rx_088_cuse.tree"
T   1190972  3539802  1753897662   451236003  1753897662   451236003 "obj_dir/VMAC_rx_990_final.tree"
T     13326  3539710  1753897660   144102997  1753897660   144102997 "obj_dir/VMAC_rx__MAC_rx.sv.vpp"
T       760  3539784  1753897662   416942839  1753897662   416942839 "obj_dir/VMAC_rx__Syms.cpp"
T      1119  3539785  1753897662   417083308  1753897662   417083308 "obj_dir/VMAC_rx__Syms.h"
T       696  3539796  1753897662   421027642  1753897662   421027642 "obj_dir/VMAC_rx__TraceDecls__0__Slow.cpp"
T      7132  3539797  1753897662   421208097  1753897662   421208097 "obj_dir/VMAC_rx__Trace__0.cpp"
T     30886  3539795  1753897662   421027642  1753897662   421027642 "obj_dir/VMAC_rx__Trace__0__Slow.cpp"
T      3453  3539789  1753897662   417378223  1753897662   417378223 "obj_dir/VMAC_rx___024root.h"
T    154660  3539794  1753897662   420190545  1753897662   420190545 "obj_dir/VMAC_rx___024root__DepSet_h0279e488__0.cpp"
T     84791  3539792  1753897662   418190468  1753897662   418190468 "obj_dir/VMAC_rx___024root__DepSet_h0279e488__0__Slow.cpp"
T      1846  3539793  1753897662   418943821  1753897662   418943821 "obj_dir/VMAC_rx___024root__DepSet_h2d3cb97b__0.cpp"
T       871  3539791  1753897662   417653179  1753897662   417653179 "obj_dir/VMAC_rx___024root__DepSet_h2d3cb97b__0__Slow.cpp"
T       652  3539790  1753897662   417431364  1753897662   417431364 "obj_dir/VMAC_rx___024root__Slow.cpp"
T     21265  3539712  1753897660   155103420  1753897660   155103420 "obj_dir/VMAC_rx__crc32_parallel_64bit.vpp"
T     34562  3539711  1753897660   170103996  1753897660   170103996 "obj_dir/VMAC_rx__inputs.vpp"
T       699  3539788  1753897662   417276127  1753897662   417276127 "obj_dir/VMAC_rx__pch.h"
T      1024  3539714  1753897660   170103996  1753897660   170103996 "obj_dir/VMAC_rx__priority_encoder.vpp"
T     74611  3539801  1753897662   439911636  1753897662   439911636 "obj_dir/VMAC_rx__stats.txt"
T      3331  3539803  1753897662   452764410  1753897662   452764410 "obj_dir/VMAC_rx__ver.d"
T         0        0  1753897662   453167993  1753897662   453167993 "obj_dir/VMAC_rx__verFiles.dat"
T      5438  3539704  1753897660   140102843  1753897660   140102843 "obj_dir/VMAC_rx__verilated_std.sv.vpp"
T      1059  3539713  1753897660   169103958  1753897660   169103958 "obj_dir/VMAC_rx__xgmii_little_to_big.vpp"
T      1744  3539799  1753897662   436775921  1753897662   436775921 "obj_dir/VMAC_rx_classes.mk"
S     13235  3539036  1753897620   908287757  1753897620   908287757 "rtl/MAC_rx.sv"
S     20950  3539039  1753651157   511415305  1753651157   511415305 "rtl/crc32_parallel_64bit.sv"
S       939  3539285  1753651495   835455588  1753651495   835455588 "rtl/priority_encoder.sv"
S      1322  3539040  1753651853   785288582  1753651853   785288582 "rtl/xgmii_little_to_big.sv"
