# DESCRIPTION: Verilator output: Timestamp data for --skip-identical.  Delete at will.
C "-Wno-lint --error-limit 0 --trace --trace-fst --debug -Iinclude -Irtl -CFLAGS -Irtl -Iinclude -O0 -g --cc rtl/MAC_IP_UDP_rx.sv --top-module MAC_IP_UDP_rx --exe generated/MAC_IP_UDP_rx/MAC_IP_UDP_rx_tb.cpp generated/MAC_IP_UDP_rx/MAC_IP_UDP_rx_input.cpp --build"
S  13299656  6314267  1752437264   578383306  1705136080           0 "/usr/bin/verilator_bin_dbg"
S      4942  6685411  1752437264   589383559  1705136080           0 "/usr/share/verilator/include/verilated_std.sv"
S      2177  3539726  1753898818   566030990  1753898818   566030990 "include/rx_pkg.sv"
T      5453  3540420  1754591409   490236400  1754591409   490236400 "obj_dir/VMAC_IP_UDP_rx.cpp"
T      3507  3540419  1754591409   489951175  1754591409   489951175 "obj_dir/VMAC_IP_UDP_rx.h"
T      2142  3540433  1754591409   567163675  1754591409   567163675 "obj_dir/VMAC_IP_UDP_rx.mk"
T   1071777  3540431  1754591409   566357284  1754591409   566357284 "obj_dir/VMAC_IP_UDP_rx.xml"
T    940193  3540348  1754591404   793075506  1754591404   793075506 "obj_dir/VMAC_IP_UDP_rx_001_cells.tree"
T   1103227  3540349  1754591404   849378414  1754591404   849378414 "obj_dir/VMAC_IP_UDP_rx_006_linkjump.tree"
T   1099770  3540350  1754591404   884481276  1754591404   884481276 "obj_dir/VMAC_IP_UDP_rx_007_linkinc.tree"
T   1124766  3540351  1754591404   946047799  1754591404   946047799 "obj_dir/VMAC_IP_UDP_rx_009_linkdotparam.tree"
T   1442194  3540352  1754591405    21956232  1754591405    21956232 "obj_dir/VMAC_IP_UDP_rx_012_width.tree"
T   1440867  3540353  1754591405    77476632  1754591405    77476632 "obj_dir/VMAC_IP_UDP_rx_014_const.tree"
T        93  3540354  1754591405    87545471  1754591405    87545471 "obj_dir/VMAC_IP_UDP_rx_015_assertpre.tree"
T        93  3540355  1754591405    91545285  1754591405    91545285 "obj_dir/VMAC_IP_UDP_rx_016_assert.tree"
T   1406212  3540356  1754591405   141223030  1754591405   141223030 "obj_dir/VMAC_IP_UDP_rx_018_const.tree"
T   1376438  3540357  1754591405   232998940  1754591405   232998940 "obj_dir/VMAC_IP_UDP_rx_023_begin.tree"
T   1377003  3540358  1754591405   285432604  1754591405   285432604 "obj_dir/VMAC_IP_UDP_rx_024_tristate.tree"
T   1376997  3540359  1754591405   341755182  1754591405   341755182 "obj_dir/VMAC_IP_UDP_rx_025_unknown.tree"
T        93  3540360  1754591405   344533495  1754591405   344533495 "obj_dir/VMAC_IP_UDP_rx_026_dfg-extract.tree"
T   1386509  3540361  1754591405   403680578  1754591405   403680578 "obj_dir/VMAC_IP_UDP_rx_027_dfg-optimize.tree"
T   1581030  3540362  1754591405   455476616  1754591405   455476616 "obj_dir/VMAC_IP_UDP_rx_028_inline.tree"
T        93  3540363  1754591405   461528042  1754591405   461528042 "obj_dir/VMAC_IP_UDP_rx_030_interface.tree"
T   1588581  3540364  1754591405   516279770  1754591405   516279770 "obj_dir/VMAC_IP_UDP_rx_031_dfg-optimize.tree"
T   1577992  3540365  1754591405   567972909  1754591405   567972909 "obj_dir/VMAC_IP_UDP_rx_032_const.tree"
T   1555383  3540366  1754591405   619400973  1754591405   619400973 "obj_dir/VMAC_IP_UDP_rx_033_deadDtypes.tree"
T        93  3540367  1754591405   621520586  1754591405   621520586 "obj_dir/VMAC_IP_UDP_rx_034_inst.tree"
T        93  3540368  1754591405   625520400  1754591405   625520400 "obj_dir/VMAC_IP_UDP_rx_035_const.tree"
T   1996434  3540369  1754591405   704929556  1754591405   704929556 "obj_dir/VMAC_IP_UDP_rx_036_scope.tree"
T   1992100  3540370  1754591405   764828736  1754591405   764828736 "obj_dir/VMAC_IP_UDP_rx_037_linkdot.tree"
T        93  3540371  1754591405   766513829  1754591405   766513829 "obj_dir/VMAC_IP_UDP_rx_038_class.tree"
T        93  3540372  1754591405   771513596  1754591405   771513596 "obj_dir/VMAC_IP_UDP_rx_039_const.tree"
T        93  3540373  1754591405   777513316  1754591405   777513316 "obj_dir/VMAC_IP_UDP_rx_040_deadDtypesScoped.tree"
T   2032100  3540374  1754591405   841186462  1754591405   841186462 "obj_dir/VMAC_IP_UDP_rx_041_case.tree"
T        93  3540375  1754591405   856509634  1754591405   856509634 "obj_dir/VMAC_IP_UDP_rx_042_task.tree"
T   2147067  3540376  1754591405   927502215  1754591405   927502215 "obj_dir/VMAC_IP_UDP_rx_044_unroll.tree"
T        93  3540377  1754591405   929506234  1754591405   929506234 "obj_dir/VMAC_IP_UDP_rx_045_slice.tree"
T   2103058  3540378  1754591405   994429301  1754591405   994429301 "obj_dir/VMAC_IP_UDP_rx_046_const.tree"
T   2080741  3540379  1754591406    57225791  1754591406    57225791 "obj_dir/VMAC_IP_UDP_rx_047_life.tree"
T        93  3540380  1754591406    68499925  1754591406    68499925 "obj_dir/VMAC_IP_UDP_rx_048_table.tree"
T   2080217  3540381  1754591406   131308994  1754591406   131308994 "obj_dir/VMAC_IP_UDP_rx_049_const.tree"
T        93  3540382  1754591406   133497059  1754591406   133497059 "obj_dir/VMAC_IP_UDP_rx_050_deadDtypesScoped.tree"
T   2097360  3540383  1754591406   195677641  1754591406   195677641 "obj_dir/VMAC_IP_UDP_rx_051_active.tree"
T   2229811  3540384  1754591406   266101801  1754591406   266101801 "obj_dir/VMAC_IP_UDP_rx_052_split.tree"
T        93  3540385  1754591406   268491109  1754591406   268491109 "obj_dir/VMAC_IP_UDP_rx_053_splitas.tree"
T   2344890  3540386  1754591406   344845831  1754591406   344845831 "obj_dir/VMAC_IP_UDP_rx_054_tracedecl.tree"
T   2275818  3540387  1754591406   412792043  1754591406   412792043 "obj_dir/VMAC_IP_UDP_rx_055_gate.tree"
T   2258252  3540388  1754591406   478402685  1754591406   478402685 "obj_dir/VMAC_IP_UDP_rx_056_const.tree"
T   2200885  3540389  1754591406   542257562  1754591406   542257562 "obj_dir/VMAC_IP_UDP_rx_057_deadAllScoped.tree"
T   2200550  3540390  1754591406   608018590  1754591406   608018590 "obj_dir/VMAC_IP_UDP_rx_058_reorder.tree"
T   2274505  3540391  1754591406   673874733  1754591406   673874733 "obj_dir/VMAC_IP_UDP_rx_059_delayed.tree"
T   2272375  3540392  1754591406   740579490  1754591406   740579490 "obj_dir/VMAC_IP_UDP_rx_060_activetop.tree"
T   7432229  3540393  1754591406   978523616  1754591406   978523616 "obj_dir/VMAC_IP_UDP_rx_061_sched.tree"
T   7423295  3540394  1754591407   190889790  1754591407   190889790 "obj_dir/VMAC_IP_UDP_rx_062_clock.tree"
T   7423077  3540395  1754591407   408849409  1754591407   408849409 "obj_dir/VMAC_IP_UDP_rx_063_const.tree"
T        93  3540396  1754591407   429440995  1754591407   429440995 "obj_dir/VMAC_IP_UDP_rx_064_life.tree"
T   7451324  3540397  1754591407   647388836  1754591407   647388836 "obj_dir/VMAC_IP_UDP_rx_065_life_post.tree"
T   7423323  3540398  1754591407   864305833  1754591407   864305833 "obj_dir/VMAC_IP_UDP_rx_066_const.tree"
T   7349702  3540399  1754591408    73414383  1754591408    73414383 "obj_dir/VMAC_IP_UDP_rx_067_deadAllScoped.tree"
T   7466119  3540400  1754591408   290801885  1754591408   290801885 "obj_dir/VMAC_IP_UDP_rx_068_trace.tree"
T   6034137  3540401  1754591408   490637498  1754591408   490637498 "obj_dir/VMAC_IP_UDP_rx_070_descope.tree"
T   2275291  3540402  1754591408   577893068  1754591408   577893068 "obj_dir/VMAC_IP_UDP_rx_071_combine.tree"
T   2275085  3540403  1754591408   650932187  1754591408   650932187 "obj_dir/VMAC_IP_UDP_rx_072_const.tree"
T   2273714  3540404  1754591408   722388971  1754591408   722388971 "obj_dir/VMAC_IP_UDP_rx_073_deadAll.tree"
T   2455658  3540405  1754591408   803243263  1754591408   803243263 "obj_dir/VMAC_IP_UDP_rx_074_clean.tree"
T   2474758  3540406  1754591408   890829630  1754591408   890829630 "obj_dir/VMAC_IP_UDP_rx_075_premit.tree"
T   1971828  3540407  1754591409    59903997  1754591409    59903997 "obj_dir/VMAC_IP_UDP_rx_076_expand.tree"
T   1528613  3540408  1754591409   124240497  1754591409   124240497 "obj_dir/VMAC_IP_UDP_rx_077_const_cpp.tree"
T   1426642  3540409  1754591409   173955145  1754591409   173955145 "obj_dir/VMAC_IP_UDP_rx_078_subst.tree"
T   1413283  3540410  1754591409   227606194  1754591409   227606194 "obj_dir/VMAC_IP_UDP_rx_079_const_cpp.tree"
T   1396458  3540411  1754591409   275210952  1754591409   275210952 "obj_dir/VMAC_IP_UDP_rx_080_deadAll.tree"
T   1392372  3540412  1754591409   361403236  1754591409   361403236 "obj_dir/VMAC_IP_UDP_rx_084_cast.tree"
T   1426756  3540413  1754591409   413310508  1754591409   413310508 "obj_dir/VMAC_IP_UDP_rx_085_cctors.tree"
T        93  3540414  1754591409   418362723  1754591409   418362723 "obj_dir/VMAC_IP_UDP_rx_086_common.tree"
T   1428981  3540415  1754591409   466918877  1754591409   466918877 "obj_dir/VMAC_IP_UDP_rx_087_variableorder.tree"
T        93  3540416  1754591409   473360702  1754591409   473360702 "obj_dir/VMAC_IP_UDP_rx_088_cuse.tree"
T   1428821  3540435  1754591409   620355299  1754591409   620355299 "obj_dir/VMAC_IP_UDP_rx_990_final.tree"
T      8748  3540342  1754591404   735562555  1754591404   735562555 "obj_dir/VMAC_IP_UDP_rx__IP_rx.vpp"
T      3597  3540339  1754591404   723563145  1754591404   723563145 "obj_dir/VMAC_IP_UDP_rx__MAC_IP_UDP_rx.sv.vpp"
T     14415  3540341  1754591404   728562900  1754591404   728562900 "obj_dir/VMAC_IP_UDP_rx__MAC_rx.vpp"
T       816  3540417  1754591409   489261868  1754591409   489261868 "obj_dir/VMAC_IP_UDP_rx__Syms.cpp"
T      1182  3540418  1754591409   489678294  1754591409   489678294 "obj_dir/VMAC_IP_UDP_rx__Syms.h"
T      1740  3540429  1754591409   505359526  1754591409   505359526 "obj_dir/VMAC_IP_UDP_rx__TraceDecls__0__Slow.cpp"
T     19431  3540430  1754591409   506359489  1754591409   506359489 "obj_dir/VMAC_IP_UDP_rx__Trace__0.cpp"
T     64117  3540428  1754591409   505359526  1754591409   505359526 "obj_dir/VMAC_IP_UDP_rx__Trace__0__Slow.cpp"
T      4859  3540343  1754591404   739562359  1754591404   739562359 "obj_dir/VMAC_IP_UDP_rx__UDP_rx.vpp"
T      8744  3540422  1754591409   490933792  1754591409   490933792 "obj_dir/VMAC_IP_UDP_rx___024root.h"
T      3032  3540426  1754591409   497303317  1754591409   497303317 "obj_dir/VMAC_IP_UDP_rx___024root__DepSet_h00ab38b1__0.cpp"
T      1478  3540424  1754591409   492089328  1754591409   492089328 "obj_dir/VMAC_IP_UDP_rx___024root__DepSet_h00ab38b1__0__Slow.cpp"
T    147925  3540427  1754591409   502359636  1754591409   502359636 "obj_dir/VMAC_IP_UDP_rx___024root__DepSet_hdf813fd0__0.cpp"
T     86521  3540425  1754591409   495359893  1754591409   495359893 "obj_dir/VMAC_IP_UDP_rx___024root__DepSet_hdf813fd0__0__Slow.cpp"
T       743  3540423  1754591409   491135594  1754591409   491135594 "obj_dir/VMAC_IP_UDP_rx___024root__Slow.cpp"
T      1484  3540347  1754591404   761561277  1754591404   761561277 "obj_dir/VMAC_IP_UDP_rx__chksum_tcp_pl.vpp"
T     21265  3540344  1754591404   744562113  1754591404   744562113 "obj_dir/VMAC_IP_UDP_rx__crc32_parallel_64bit.vpp"
T     49016  3540340  1754591404   761561277  1754591404   761561277 "obj_dir/VMAC_IP_UDP_rx__inputs.vpp"
T       734  3540421  1754591409   490374103  1754591409   490374103 "obj_dir/VMAC_IP_UDP_rx__pch.h"
T      1024  3540346  1754591404   759561375  1754591404   759561375 "obj_dir/VMAC_IP_UDP_rx__priority_encoder.vpp"
T     79366  3540434  1754591409   576917232  1754591409   576917232 "obj_dir/VMAC_IP_UDP_rx__stats.txt"
T      4236  3540436  1754591409   625355116  1754591409   625355116 "obj_dir/VMAC_IP_UDP_rx__ver.d"
T         0        0  1754591409   626355079  1754591409   626355079 "obj_dir/VMAC_IP_UDP_rx__verFiles.dat"
T      5438  3540338  1754591404   720563293  1754591404   720563293 "obj_dir/VMAC_IP_UDP_rx__verilated_std.sv.vpp"
T      1059  3540345  1754591404   758561424  1754591404   758561424 "obj_dir/VMAC_IP_UDP_rx__xgmii_little_to_big.vpp"
T      1821  3540432  1754591409   566981901  1754591409   566981901 "obj_dir/VMAC_IP_UDP_rx_classes.mk"
S      9342  3539035  1754351574   552362965  1754351574   552362965 "rtl/IP_rx.sv"
S      1691  3540332  1754591402   444244634  1754591402   444244634 "rtl/MAC_IP_UDP_rx.sv"
S     14555  3539036  1753904137   475254531  1753904137   475254531 "rtl/MAC_rx.sv"
S      4586  3539879  1754492534   562395285  1754492534   562395285 "rtl/UDP_rx.sv"
S      1348  3539038  1754488607   773029537  1754488607   773029537 "rtl/chksum_tcp_pl.sv"
S     20950  3539039  1753898819   342688275  1753898819   342688275 "rtl/crc32_parallel_64bit.sv"
S       939  3539285  1753898819   342763997  1753898819   342763997 "rtl/priority_encoder.sv"
S      1322  3539040  1753898819   342763997  1753898819   342763997 "rtl/xgmii_little_to_big.sv"
