# DESCRIPTION: Verilator output: Timestamp data for --skip-identical.  Delete at will.
C "-Wno-lint --error-limit 0 --trace --trace-fst --trace-structs --trace-depth 99 -Iinclude -O0 -CFLAGS -Iinclude --cc rtl/top.sv rtl/priority_encoder.sv rtl/TCP_ISN.sv rtl/checksum_TCP.sv rtl/TCP_tx.sv rtl/TCP_receiver.sv rtl/TCP_flow_ctrl.sv rtl/FIFO_TX.sv rtl/payload_FIFO.sv rtl/TCP.sv rtl/flex_counter.sv rtl/xgmii_little_to_big.sv rtl/crc32_parallel_64bit.sv rtl/IP_rx.sv rtl/MAC_rx.sv rtl/chksum_tcp_pl.sv --top-module top --exe generated/top/top_tb.cpp generated/top/top_input.cpp --build"
S  17173832 10367177  1748671683   616752117  1748671683   616752117 "/usr/local/bin/verilator_bin"
S      6525 11058149  1748671683   825738316  1748671683   825738316 "/usr/local/share/verilator/include/verilated_std.sv"
S      2787 11057999  1748671683   824738383  1748671683   824738383 "/usr/local/share/verilator/include/verilated_std_waiver.vlt"
S      2527 11331485  1753855263   293527654  1753855263   293527654 "include/TCP_flow_if.vh"
S      1224 11331920  1753855263   294527664  1753855263   294527664 "include/TCP_receiver_if.vh"
S      1088 11331942  1753855263   294527664  1753855263   294527664 "include/ether_pkg.vh"
S      2177 11331310  1753949612   455888380  1753949612   455888380 "include/rx_pkg.sv"
T      6062 11310584  1754210583   609124473  1754210583   609124473 "obj_dir/Vtop.cpp"
T      4365 11308819  1754210583   609124473  1754210583   609124473 "obj_dir/Vtop.h"
T      2118 11332119  1754210583   637124357  1754210583   637124357 "obj_dir/Vtop.mk"
T      5197 11311875  1754210583   610124469  1754210583   610124469 "obj_dir/Vtop_FIFO_TX__F10.h"
T     63824 11315909  1754210583   617124440  1754210583   617124440 "obj_dir/Vtop_FIFO_TX__F10__DepSet_h1ea2f4f0__0.cpp"
T     39747 11315879  1754210583   616124444  1754210583   616124444 "obj_dir/Vtop_FIFO_TX__F10__DepSet_h1ea2f4f0__0__Slow.cpp"
T       647 11315878  1754210583   615124448  1754210583   615124448 "obj_dir/Vtop_FIFO_TX__F10__Slow.cpp"
T       870 11312028  1754210583   610124469  1754210583   610124469 "obj_dir/Vtop_TCP_ISN.h"
T      1165 11315969  1754210583   617124440  1754210583   617124440 "obj_dir/Vtop_TCP_ISN__DepSet_hdb9f5fb0__0.cpp"
T      1200 11315945  1754210583   617124440  1754210583   617124440 "obj_dir/Vtop_TCP_ISN__DepSet_hdb9f5fb0__0__Slow.cpp"
T       602 11315914  1754210583   617124440  1754210583   617124440 "obj_dir/Vtop_TCP_ISN__Slow.cpp"
T      4523 11310601  1754210583   610124469  1754210583   610124469 "obj_dir/Vtop_TCP__F10.h"
T      8466 11315869  1754210583   614124452  1754210583   614124452 "obj_dir/Vtop_TCP__F10__DepSet_h5210b812__0__Slow.cpp"
T     17594 11315875  1754210583   615124448  1754210583   615124448 "obj_dir/Vtop_TCP__F10__DepSet_he170ba7a__0.cpp"
T     12974 11315871  1754210583   615124448  1754210583   615124448 "obj_dir/Vtop_TCP__F10__DepSet_he170ba7a__0__Slow.cpp"
T       611 11315855  1754210583   614124452  1754210583   614124452 "obj_dir/Vtop_TCP__F10__Slow.cpp"
T      9824 11312290  1754210583   610124469  1754210583   610124469 "obj_dir/Vtop_TCP_flow_ctrl.h"
T     87560 11316223  1754210583   624124411  1754210583   624124411 "obj_dir/Vtop_TCP_flow_ctrl__DepSet_h0482535a__0.cpp"
T     18955 11316162  1754210583   621124423  1754210583   621124423 "obj_dir/Vtop_TCP_flow_ctrl__DepSet_h0482535a__0__Slow.cpp"
T     48132 11316261  1754210583   625124406  1754210583   625124406 "obj_dir/Vtop_TCP_flow_ctrl__DepSet_h38e16860__0.cpp"
T     74325 11316212  1754210583   622124419  1754210583   622124419 "obj_dir/Vtop_TCP_flow_ctrl__DepSet_h38e16860__0__Slow.cpp"
T       656 11316149  1754210583   620124427  1754210583   620124427 "obj_dir/Vtop_TCP_flow_ctrl__Slow.cpp"
T      3512 11312283  1754210583   610124469  1754210583   610124469 "obj_dir/Vtop_TCP_receiver.h"
T     38077 11316125  1754210583   620124427  1754210583   620124427 "obj_dir/Vtop_TCP_receiver__DepSet_hf9e0ddc6__0.cpp"
T     23430 11316121  1754210583   619124431  1754210583   619124431 "obj_dir/Vtop_TCP_receiver__DepSet_hf9e0ddc6__0__Slow.cpp"
T       647 11316108  1754210583   619124431  1754210583   619124431 "obj_dir/Vtop_TCP_receiver__Slow.cpp"
T      2219 11312097  1754210583   610124469  1754210583   610124469 "obj_dir/Vtop_TCP_tx.h"
T     21647 11316035  1754210583   619124431  1754210583   619124431 "obj_dir/Vtop_TCP_tx__DepSet_h8703877c__0.cpp"
T     14491 11316034  1754210583   618124436  1754210583   618124436 "obj_dir/Vtop_TCP_tx__DepSet_h8703877c__0__Slow.cpp"
T       593 11316030  1754210583   618124436  1754210583   618124436 "obj_dir/Vtop_TCP_tx__Slow.cpp"
T      1260 11308572  1754210583   609124473  1754210583   609124473 "obj_dir/Vtop__ConstPool_0.cpp"
T      4132 11287105  1754210583   608124477  1754210583   608124477 "obj_dir/Vtop__Syms.cpp"
T      2386 11288315  1754210583   608124477  1754210583   608124477 "obj_dir/Vtop__Syms.h"
T      2655 11332012  1754210583   633124374  1754210583   633124374 "obj_dir/Vtop__TraceDecls__0__Slow.cpp"
T    114627 11332103  1754210583   636124361  1754210583   636124361 "obj_dir/Vtop__Trace__0.cpp"
T    296449 11331991  1754210583   632124378  1754210583   632124378 "obj_dir/Vtop__Trace__0__Slow.cpp"
T      3507 11310591  1754210583   609124473  1754210583   609124473 "obj_dir/Vtop___024root.h"
T     24430 11315089  1754210583   612124461  1754210583   612124461 "obj_dir/Vtop___024root__DepSet_h84412442__0.cpp"
T     12642 11312797  1754210583   611124464  1754210583   611124464 "obj_dir/Vtop___024root__DepSet_h84412442__0__Slow.cpp"
T      6473 11315093  1754210583   612124461  1754210583   612124461 "obj_dir/Vtop___024root__DepSet_heccd7ead__0.cpp"
T     15807 11313583  1754210583   611124464  1754210583   611124464 "obj_dir/Vtop___024root__DepSet_heccd7ead__0__Slow.cpp"
T       620 11312739  1754210583   611124464  1754210583   611124464 "obj_dir/Vtop___024root__Slow.cpp"
T       746 11310585  1754210583   609124473  1754210583   609124473 "obj_dir/Vtop__pch.h"
T      3381 11332120  1754210583   637124357  1754210583   637124357 "obj_dir/Vtop__ver.d"
T         0        0  1754210583   637124357  1754210583   637124357 "obj_dir/Vtop__verFiles.dat"
T      1416 11312030  1754210583   610124469  1754210583   610124469 "obj_dir/Vtop_checksum_TCP.h"
T     15354 11316029  1754210583   618124436  1754210583   618124436 "obj_dir/Vtop_checksum_TCP__DepSet_hd35c62f6__0.cpp"
T      9334 11316024  1754210583   617124440  1754210583   617124440 "obj_dir/Vtop_checksum_TCP__DepSet_hd35c62f6__0__Slow.cpp"
T       647 11315994  1754210583   617124440  1754210583   617124440 "obj_dir/Vtop_checksum_TCP__Slow.cpp"
T      3398 11332118  1754210583   637124357  1754210583   637124357 "obj_dir/Vtop_classes.mk"
T       627 11312376  1754210583   611124464  1754210583   611124464 "obj_dir/Vtop_ether_pkg.h"
T       471 11331851  1754210583   625124406  1754210583   625124406 "obj_dir/Vtop_ether_pkg__DepSet_h3ac9415d__0__Slow.cpp"
T       620 11316273  1754210583   625124406  1754210583   625124406 "obj_dir/Vtop_ether_pkg__Slow.cpp"
T      1136 11312319  1754210583   610124469  1754210583   610124469 "obj_dir/Vtop_flex_counter__S20.h"
T      2297 11316272  1754210583   625124406  1754210583   625124406 "obj_dir/Vtop_flex_counter__S20__DepSet_h87bf55f6__0.cpp"
T      2933 11316268  1754210583   625124406  1754210583   625124406 "obj_dir/Vtop_flex_counter__S20__DepSet_h87bf55f6__0__Slow.cpp"
T       692 11316267  1754210583   625124406  1754210583   625124406 "obj_dir/Vtop_flex_counter__S20__Slow.cpp"
T      4983 11310599  1754210583   609124473  1754210583   609124473 "obj_dir/Vtop_payload_FIFO.h"
T     35436 11315832  1754210583   614124452  1754210583   614124452 "obj_dir/Vtop_payload_FIFO__DepSet_h13d3c5d8__0.cpp"
T     22929 11315831  1754210583   613124456  1754210583   613124456 "obj_dir/Vtop_payload_FIFO__DepSet_h13d3c5d8__0__Slow.cpp"
T       647 11315756  1754210583   613124456  1754210583   613124456 "obj_dir/Vtop_payload_FIFO__Slow.cpp"
T       858 11312384  1754210583   611124464  1754210583   611124464 "obj_dir/Vtop_priority_encoder__Wa.h"
T     15116 11331944  1754210583   626124402  1754210583   626124402 "obj_dir/Vtop_priority_encoder__Wa__DepSet_h71cc4d4c__0.cpp"
T     15843 11331897  1754210583   626124402  1754210583   626124402 "obj_dir/Vtop_priority_encoder__Wa__DepSet_h71cc4d4c__0__Slow.cpp"
T       719 11331852  1754210583   625124406  1754210583   625124406 "obj_dir/Vtop_priority_encoder__Wa__Slow.cpp"
T       609 11312318  1754210583   610124469  1754210583   610124469 "obj_dir/Vtop_rx_pkg.h"
T       457 11316266  1754210583   625124406  1754210583   625124406 "obj_dir/Vtop_rx_pkg__DepSet_hc39409bc__0__Slow.cpp"
T       593 11316265  1754210583   625124406  1754210583   625124406 "obj_dir/Vtop_rx_pkg__Slow.cpp"
T      2962 11310598  1754210583   609124473  1754210583   609124473 "obj_dir/Vtop_top.h"
T     13090 11315755  1754210583   613124456  1754210583   613124456 "obj_dir/Vtop_top__DepSet_h0f993197__0.cpp"
T      9828 11315716  1754210583   612124461  1754210583   612124461 "obj_dir/Vtop_top__DepSet_h0f993197__0__Slow.cpp"
T      6354 11315754  1754210583   613124456  1754210583   613124456 "obj_dir/Vtop_top__DepSet_h6315917a__0__Slow.cpp"
T       566 11315094  1754210583   612124461  1754210583   612124461 "obj_dir/Vtop_top__Slow.cpp"
S     11973 11177461  1754210577   128151676  1754210577   128151676 "rtl/FIFO_TX.sv"
S     17196 11177501  1754203050   687538972  1754203050   687538972 "rtl/IP_rx.sv"
S     28983 11177647  1754208363    96499017  1754208363    96499017 "rtl/MAC_rx.sv"
S      7998 11180014  1753855263   307527784  1753855263   307527784 "rtl/TCP.sv"
S       773 11180026  1753855263   307527784  1753855263   307527784 "rtl/TCP_ISN.sv"
S     28213 11180028  1753855263   307527784  1753855263   307527784 "rtl/TCP_flow_ctrl.sv"
S      9563 11180030  1753855263   307527784  1753855263   307527784 "rtl/TCP_receiver.sv"
S      7233 11180033  1754210386     5361761  1754210386     5361761 "rtl/TCP_tx.sv"
S      2470 11180034  1753855263   308527793  1753855263   308527793 "rtl/checksum_TCP.sv"
S      1162 11178060  1753855263   308527793  1753855263   308527793 "rtl/chksum_tcp_pl.sv"
S     20951 11178065  1753855263   308527793  1753855263   308527793 "rtl/crc32_parallel_64bit.sv"
S      1492 11180868  1753855263   308527793  1753855263   308527793 "rtl/flex_counter.sv"
S      6970 11180869  1753855263   308527793  1753855263   308527793 "rtl/payload_FIFO.sv"
S       875 11178084  1753855263   309527801  1753855263   309527801 "rtl/priority_encoder.sv"
S      9221 11180873  1753855263   309527801  1753855263   309527801 "rtl/top.sv"
S      1301 11178363  1753855263   309527801  1753855263   309527801 "rtl/xgmii_little_to_big.sv"
