# DESCRIPTION: Verilator output: Timestamp data for --skip-identical.  Delete at will.
C "-Wno-lint --error-limit 0 --trace --trace-fst --debug -Iinclude -Irtl -CFLAGS -Irtl -Iinclude -O0 -g --cc rtl/UDP_tx.sv --top-module UDP_tx --exe generated/UDP_tx/UDP_tx_tb.cpp generated/UDP_tx/UDP_tx_input.cpp --build"
S  13299656  6314267  1752437264   578383306  1705136080           0 "/usr/bin/verilator_bin_dbg"
S      4942  6685411  1752437264   589383559  1705136080           0 "/usr/share/verilator/include/verilated_std.sv"
S      2177  4070282  1752696790   341649413  1752696790   341649413 "include/rx_pkg.sv"
T      5246  3670451  1752948988     9008707  1752948988     9008707 "obj_dir/VUDP_tx.cpp"
T      3550  3670450  1752948988     9008707  1752948988     9008707 "obj_dir/VUDP_tx.h"
T      2037  3670464  1752948988    16008822  1752948988    16008822 "obj_dir/VUDP_tx.mk"
T     76376  3670462  1752948988    16008822  1752948988    16008822 "obj_dir/VUDP_tx.xml"
T     24795  3670379  1752948987   904006982  1752948987   904006982 "obj_dir/VUDP_tx_001_cells.tree"
T     27250  3670380  1752948987   906007014  1752948987   906007014 "obj_dir/VUDP_tx_006_linkjump.tree"
T        89  3670381  1752948987   906007014  1752948987   906007014 "obj_dir/VUDP_tx_007_linkinc.tree"
T     27554  3670382  1752948987   913007130  1752948987   913007130 "obj_dir/VUDP_tx_009_linkdotparam.tree"
T     31366  3670383  1752948987   916007179  1752948987   916007179 "obj_dir/VUDP_tx_012_width.tree"
T     28774  3670384  1752948987   916007179  1752948987   916007179 "obj_dir/VUDP_tx_014_const.tree"
T        89  3670385  1752948987   917007195  1752948987   917007195 "obj_dir/VUDP_tx_015_assertpre.tree"
T        89  3670386  1752948987   917007195  1752948987   917007195 "obj_dir/VUDP_tx_016_assert.tree"
T     32908  3670387  1752948987   918007212  1752948987   918007212 "obj_dir/VUDP_tx_018_const.tree"
T     31781  3670388  1752948987   920007245  1752948987   920007245 "obj_dir/VUDP_tx_023_begin.tree"
T        89  3670389  1752948987   920007245  1752948987   920007245 "obj_dir/VUDP_tx_024_tristate.tree"
T        89  3670390  1752948987   920007245  1752948987   920007245 "obj_dir/VUDP_tx_025_unknown.tree"
T        89  3670391  1752948987   920007245  1752948987   920007245 "obj_dir/VUDP_tx_026_dfg-extract.tree"
T     32039  3670392  1752948987   922007277  1752948987   922007277 "obj_dir/VUDP_tx_027_dfg-optimize.tree"
T     33887  3670393  1752948987   923007294  1752948987   923007294 "obj_dir/VUDP_tx_028_inline.tree"
T        89  3670394  1752948987   924007310  1752948987   924007310 "obj_dir/VUDP_tx_030_interface.tree"
T     34233  3670395  1752948987   924007310  1752948987   924007310 "obj_dir/VUDP_tx_031_dfg-optimize.tree"
T        89  3670396  1752948987   925007327  1752948987   925007327 "obj_dir/VUDP_tx_032_const.tree"
T     29655  3670397  1752948987   925007327  1752948987   925007327 "obj_dir/VUDP_tx_033_deadDtypes.tree"
T        89  3670398  1752948987   925007327  1752948987   925007327 "obj_dir/VUDP_tx_034_inst.tree"
T        89  3670399  1752948987   926007343  1752948987   926007343 "obj_dir/VUDP_tx_035_const.tree"
T     46609  3670400  1752948987   927007360  1752948987   927007360 "obj_dir/VUDP_tx_036_scope.tree"
T     46403  3670401  1752948987   928007376  1752948987   928007376 "obj_dir/VUDP_tx_037_linkdot.tree"
T        89  3670402  1752948987   928007376  1752948987   928007376 "obj_dir/VUDP_tx_038_class.tree"
T        89  3670403  1752948987   928007376  1752948987   928007376 "obj_dir/VUDP_tx_039_const.tree"
T        89  3670404  1752948987   928007376  1752948987   928007376 "obj_dir/VUDP_tx_040_deadDtypesScoped.tree"
T     47554  3670405  1752948987   930007409  1752948987   930007409 "obj_dir/VUDP_tx_041_case.tree"
T        89  3670406  1752948987   930007409  1752948987   930007409 "obj_dir/VUDP_tx_042_task.tree"
T     47946  3670407  1752948987   931007425  1752948987   931007425 "obj_dir/VUDP_tx_044_unroll.tree"
T        89  3670408  1752948987   932007442  1752948987   932007442 "obj_dir/VUDP_tx_045_slice.tree"
T     47429  3670409  1752948987   933007458  1752948987   933007458 "obj_dir/VUDP_tx_046_const.tree"
T        89  3670410  1752948987   933007458  1752948987   933007458 "obj_dir/VUDP_tx_047_life.tree"
T        89  3670411  1752948987   933007458  1752948987   933007458 "obj_dir/VUDP_tx_048_table.tree"
T        89  3670412  1752948987   933007458  1752948987   933007458 "obj_dir/VUDP_tx_049_const.tree"
T        89  3670413  1752948987   934007475  1752948987   934007475 "obj_dir/VUDP_tx_050_deadDtypesScoped.tree"
T     47998  3670414  1752948987   935007491  1752948987   935007491 "obj_dir/VUDP_tx_051_active.tree"
T     54318  3670415  1752948987   936007507  1752948987   936007507 "obj_dir/VUDP_tx_052_split.tree"
T        89  3670416  1752948987   936007507  1752948987   936007507 "obj_dir/VUDP_tx_053_splitas.tree"
T     72962  3670417  1752948987   938007540  1752948987   938007540 "obj_dir/VUDP_tx_054_tracedecl.tree"
T     63707  3670418  1752948987   940007573  1752948987   940007573 "obj_dir/VUDP_tx_055_gate.tree"
T     59819  3670419  1752948987   941007590  1752948987   941007590 "obj_dir/VUDP_tx_056_const.tree"
T     48589  3670420  1752948987   942007606  1752948987   942007606 "obj_dir/VUDP_tx_057_deadAllScoped.tree"
T        89  3670421  1752948987   942007606  1752948987   942007606 "obj_dir/VUDP_tx_058_reorder.tree"
T     52752  3670422  1752948987   943007623  1752948987   943007623 "obj_dir/VUDP_tx_059_delayed.tree"
T     52762  3670423  1752948987   945007655  1752948987   945007655 "obj_dir/VUDP_tx_060_activetop.tree"
T    146557  3670424  1752948987   950007737  1752948987   950007737 "obj_dir/VUDP_tx_061_sched.tree"
T    142981  3670425  1752948987   953007787  1752948987   953007787 "obj_dir/VUDP_tx_062_clock.tree"
T    142785  3670426  1752948987   956007836  1752948987   956007836 "obj_dir/VUDP_tx_063_const.tree"
T        89  3670427  1752948987   957007853  1752948987   957007853 "obj_dir/VUDP_tx_064_life.tree"
T    142790  3670428  1752948987   960007902  1752948987   960007902 "obj_dir/VUDP_tx_065_life_post.tree"
T    141190  3670429  1752948987   962007935  1752948987   962007935 "obj_dir/VUDP_tx_066_const.tree"
T    135676  3670430  1752948987   966008001  1752948987   966008001 "obj_dir/VUDP_tx_067_deadAllScoped.tree"
T    152541  3670431  1752948987   969008050  1752948987   969008050 "obj_dir/VUDP_tx_068_trace.tree"
T    116372  3670432  1752948987   973008115  1752948987   973008115 "obj_dir/VUDP_tx_070_descope.tree"
T        89  3670433  1752948987   974008132  1752948987   974008132 "obj_dir/VUDP_tx_071_combine.tree"
T    116071  3670434  1752948987   976008165  1752948987   976008165 "obj_dir/VUDP_tx_072_const.tree"
T    114623  3670435  1752948987   979008214  1752948987   979008214 "obj_dir/VUDP_tx_073_deadAll.tree"
T    125443  3670436  1752948987   981008247  1752948987   981008247 "obj_dir/VUDP_tx_074_clean.tree"
T    127083  3670437  1752948987   984008296  1752948987   984008296 "obj_dir/VUDP_tx_075_premit.tree"
T    125203  3670438  1752948987   987008345  1752948987   987008345 "obj_dir/VUDP_tx_076_expand.tree"
T    119475  3670439  1752948987   990008395  1752948987   990008395 "obj_dir/VUDP_tx_077_const_cpp.tree"
T    117684  3670440  1752948987   992008428  1752948987   992008428 "obj_dir/VUDP_tx_078_subst.tree"
T    117680  3670441  1752948987   995008477  1752948987   995008477 "obj_dir/VUDP_tx_079_const_cpp.tree"
T    114169  3670442  1752948987   997008510  1752948987   997008510 "obj_dir/VUDP_tx_080_deadAll.tree"
T    109104  3670443  1752948988     1008576  1752948988     1008576 "obj_dir/VUDP_tx_084_cast.tree"
T    115509  3670444  1752948988     3008608  1752948988     3008608 "obj_dir/VUDP_tx_085_cctors.tree"
T        91  3670445  1752948988     3008608  1752948988     3008608 "obj_dir/VUDP_tx_086_common.tree"
T    115857  3670446  1752948988     7008674  1752948988     7008674 "obj_dir/VUDP_tx_087_variableorder.tree"
T        91  3670447  1752948988     7008674  1752948988     7008674 "obj_dir/VUDP_tx_088_cuse.tree"
T    117224  3670466  1752948988    22008921  1752948988    22008921 "obj_dir/VUDP_tx_990_final.tree"
T       760  3670448  1752948988     8008690  1752948988     8008690 "obj_dir/VUDP_tx__Syms.cpp"
T      1119  3670449  1752948988     9008707  1752948988     9008707 "obj_dir/VUDP_tx__Syms.h"
T       579  3670460  1752948988    12008756  1752948988    12008756 "obj_dir/VUDP_tx__TraceDecls__0__Slow.cpp"
T      2576  3670461  1752948988    12008756  1752948988    12008756 "obj_dir/VUDP_tx__Trace__0.cpp"
T     12419  3670459  1752948988    12008756  1752948988    12008756 "obj_dir/VUDP_tx__Trace__0__Slow.cpp"
T      4304  3670377  1752948987   898006883  1752948987   898006883 "obj_dir/VUDP_tx__UDP_tx.sv.vpp"
T      1507  3670453  1752948988     9008707  1752948988     9008707 "obj_dir/VUDP_tx___024root.h"
T      1846  3670457  1752948988    11008740  1752948988    11008740 "obj_dir/VUDP_tx___024root__DepSet_h6885e83e__0.cpp"
T       871  3670455  1752948988    10008723  1752948988    10008723 "obj_dir/VUDP_tx___024root__DepSet_h6885e83e__0__Slow.cpp"
T     10066  3670458  1752948988    11008740  1752948988    11008740 "obj_dir/VUDP_tx___024root__DepSet_h8ed4c5f8__0.cpp"
T      8330  3670456  1752948988    10008723  1752948988    10008723 "obj_dir/VUDP_tx___024root__DepSet_h8ed4c5f8__0__Slow.cpp"
T       652  3670454  1752948988    10008723  1752948988    10008723 "obj_dir/VUDP_tx___024root__Slow.cpp"
T      3510  3670378  1752948987   898006883  1752948987   898006883 "obj_dir/VUDP_tx__inputs.vpp"
T       699  3670452  1752948988     9008707  1752948988     9008707 "obj_dir/VUDP_tx__pch.h"
T     61862  3670465  1752948988    20008888  1752948988    20008888 "obj_dir/VUDP_tx__stats.txt"
T      3149  3670467  1752948988    22008921  1752948988    22008921 "obj_dir/VUDP_tx__ver.d"
T         0        0  1752948988    23008937  1752948988    23008937 "obj_dir/VUDP_tx__verFiles.dat"
T      5438  3670376  1752948987   895006834  1752948987   895006834 "obj_dir/VUDP_tx__verilated_std.sv.vpp"
T      1744  3670463  1752948988    16008822  1752948988    16008822 "obj_dir/VUDP_tx_classes.mk"
S      3251  3539009  1752948986   385982042  1752948986   385982042 "rtl/UDP_tx.sv"
