# DESCRIPTION: Verilator output: Timestamp data for --skip-identical.  Delete at will.
C "-Wno-lint --error-limit 0 --trace --trace-fst --debug -Iinclude -Irtl -CFLAGS -Irtl -Iinclude -O0 -g --cc rtl/UDP_rx.sv --top-module UDP_rx --exe generated/UDP_rx/UDP_rx_tb.cpp generated/UDP_rx/UDP_rx_input.cpp --build"
S  13299656  6314267  1752437264   578383306  1705136080           0 "/usr/bin/verilator_bin_dbg"
S      4942  6685411  1752437264   589383559  1705136080           0 "/usr/share/verilator/include/verilated_std.sv"
S      2177  4070282  1752696790   341649413  1752696790   341649413 "include/rx_pkg.sv"
T      5154  3670118  1752787675   370518617  1752787675   370518617 "obj_dir/VUDP_rx.cpp"
T      3482  3670117  1752787675   370518617  1752787675   370518617 "obj_dir/VUDP_rx.h"
T      2037  3670133  1752787675   386518980  1752787675   386518980 "obj_dir/VUDP_rx.mk"
T    135512  3670130  1752787675   385518957  1752787675   385518957 "obj_dir/VUDP_rx.xml"
T     33624  3670046  1752787675    93512342  1752787675    93512342 "obj_dir/VUDP_rx_001_cells.tree"
T     39825  3670047  1752787675    98512456  1752787675    98512456 "obj_dir/VUDP_rx_006_linkjump.tree"
T        89  3670048  1752787675    98512456  1752787675    98512456 "obj_dir/VUDP_rx_007_linkinc.tree"
T     40055  3670049  1752787675   106512637  1752787675   106512637 "obj_dir/VUDP_rx_009_linkdotparam.tree"
T     45287  3670050  1752787675   108512682  1752787675   108512682 "obj_dir/VUDP_rx_012_width.tree"
T     42253  3670051  1752787675   110512728  1752787675   110512728 "obj_dir/VUDP_rx_014_const.tree"
T        89  3670052  1752787675   111512750  1752787675   111512750 "obj_dir/VUDP_rx_015_assertpre.tree"
T        89  3670053  1752787675   111512750  1752787675   111512750 "obj_dir/VUDP_rx_016_assert.tree"
T     45560  3670054  1752787675   113512796  1752787675   113512796 "obj_dir/VUDP_rx_018_const.tree"
T     43574  3670055  1752787675   117512886  1752787675   117512886 "obj_dir/VUDP_rx_023_begin.tree"
T        89  3670056  1752787675   117512886  1752787675   117512886 "obj_dir/VUDP_rx_024_tristate.tree"
T     43876  3670057  1752787675   119512931  1752787675   119512931 "obj_dir/VUDP_rx_025_unknown.tree"
T        89  3670058  1752787675   119512931  1752787675   119512931 "obj_dir/VUDP_rx_026_dfg-extract.tree"
T     44384  3670059  1752787675   122512999  1752787675   122512999 "obj_dir/VUDP_rx_027_dfg-optimize.tree"
T     46694  3670060  1752787675   124513045  1752787675   124513045 "obj_dir/VUDP_rx_028_inline.tree"
T        89  3670061  1752787675   124513045  1752787675   124513045 "obj_dir/VUDP_rx_030_interface.tree"
T     47281  3670062  1752787675   127513113  1752787675   127513113 "obj_dir/VUDP_rx_031_dfg-optimize.tree"
T        89  3670063  1752787675   127513113  1752787675   127513113 "obj_dir/VUDP_rx_032_const.tree"
T     41850  3670064  1752787675   129513158  1752787675   129513158 "obj_dir/VUDP_rx_033_deadDtypes.tree"
T        89  3670065  1752787675   129513158  1752787675   129513158 "obj_dir/VUDP_rx_034_inst.tree"
T        89  3670066  1752787675   129513158  1752787675   129513158 "obj_dir/VUDP_rx_035_const.tree"
T     64364  3670067  1752787675   132513226  1752787675   132513226 "obj_dir/VUDP_rx_036_scope.tree"
T     64120  3670068  1752787675   135513294  1752787675   135513294 "obj_dir/VUDP_rx_037_linkdot.tree"
T        89  3670069  1752787675   135513294  1752787675   135513294 "obj_dir/VUDP_rx_038_class.tree"
T        89  3670070  1752787675   135513294  1752787675   135513294 "obj_dir/VUDP_rx_039_const.tree"
T        89  3670071  1752787675   135513294  1752787675   135513294 "obj_dir/VUDP_rx_040_deadDtypesScoped.tree"
T     69959  3670072  1752787675   139513385  1752787675   139513385 "obj_dir/VUDP_rx_041_case.tree"
T        89  3670073  1752787675   139513385  1752787675   139513385 "obj_dir/VUDP_rx_042_task.tree"
T     70323  3670074  1752787675   142513452  1752787675   142513452 "obj_dir/VUDP_rx_044_unroll.tree"
T        89  3670075  1752787675   142513452  1752787675   142513452 "obj_dir/VUDP_rx_045_slice.tree"
T     69074  3670076  1752787675   144513498  1752787675   144513498 "obj_dir/VUDP_rx_046_const.tree"
T        89  3670077  1752787675   145513520  1752787675   145513520 "obj_dir/VUDP_rx_047_life.tree"
T        89  3670078  1752787675   145513520  1752787675   145513520 "obj_dir/VUDP_rx_048_table.tree"
T        89  3670079  1752787675   146513543  1752787675   146513543 "obj_dir/VUDP_rx_049_const.tree"
T        89  3670080  1752787675   146513543  1752787675   146513543 "obj_dir/VUDP_rx_050_deadDtypesScoped.tree"
T     69890  3670081  1752787675   149513611  1752787675   149513611 "obj_dir/VUDP_rx_051_active.tree"
T     94762  3670082  1752787675   153513702  1752787675   153513702 "obj_dir/VUDP_rx_052_split.tree"
T        89  3670083  1752787675   153513702  1752787675   153513702 "obj_dir/VUDP_rx_053_splitas.tree"
T    114227  3670084  1752787675   157513792  1752787675   157513792 "obj_dir/VUDP_rx_054_tracedecl.tree"
T    110076  3670085  1752787675   162513906  1752787675   162513906 "obj_dir/VUDP_rx_055_gate.tree"
T    102455  3670086  1752787675   165513973  1752787675   165513973 "obj_dir/VUDP_rx_056_const.tree"
T     91716  3670087  1752787675   168514041  1752787675   168514041 "obj_dir/VUDP_rx_057_deadAllScoped.tree"
T        89  3670088  1752787675   169514064  1752787675   169514064 "obj_dir/VUDP_rx_058_reorder.tree"
T    101595  3670089  1752787675   171514110  1752787675   171514110 "obj_dir/VUDP_rx_059_delayed.tree"
T    101578  3670090  1752787675   174514177  1752787675   174514177 "obj_dir/VUDP_rx_060_activetop.tree"
T    260422  3670091  1752787675   185514427  1752787675   185514427 "obj_dir/VUDP_rx_061_sched.tree"
T    256836  3670092  1752787675   195514653  1752787675   195514653 "obj_dir/VUDP_rx_062_clock.tree"
T    256664  3670093  1752787675   204514857  1752787675   204514857 "obj_dir/VUDP_rx_063_const.tree"
T        91  3670094  1752787675   206514902  1752787675   206514902 "obj_dir/VUDP_rx_064_life.tree"
T    255757  3670095  1752787675   215515106  1752787675   215515106 "obj_dir/VUDP_rx_065_life_post.tree"
T    252012  3670096  1752787675   224515310  1752787675   224515310 "obj_dir/VUDP_rx_066_const.tree"
T    244163  3670097  1752787675   233515514  1752787675   233515514 "obj_dir/VUDP_rx_067_deadAllScoped.tree"
T    271975  3670098  1752787675   244515763  1752787675   244515763 "obj_dir/VUDP_rx_068_trace.tree"
T    206573  3670099  1752787675   254515989  1752787675   254515989 "obj_dir/VUDP_rx_070_descope.tree"
T        91  3670100  1752787675   256516035  1752787675   256516035 "obj_dir/VUDP_rx_071_combine.tree"
T    206272  3670101  1752787675   264516216  1752787675   264516216 "obj_dir/VUDP_rx_072_const.tree"
T    204923  3670102  1752787675   272516397  1752787675   272516397 "obj_dir/VUDP_rx_073_deadAll.tree"
T    235636  3670103  1752787675   281516601  1752787675   281516601 "obj_dir/VUDP_rx_074_clean.tree"
T    236669  3670104  1752787675   290516805  1752787675   290516805 "obj_dir/VUDP_rx_075_premit.tree"
T    229513  3670105  1752787675   299517009  1752787675   299517009 "obj_dir/VUDP_rx_076_expand.tree"
T    200780  3670106  1752787675   308517213  1752787675   308517213 "obj_dir/VUDP_rx_077_const_cpp.tree"
T    198806  3670107  1752787675   316517394  1752787675   316517394 "obj_dir/VUDP_rx_078_subst.tree"
T    198802  3670108  1752787675   325517598  1752787675   325517598 "obj_dir/VUDP_rx_079_const_cpp.tree"
T    196090  3670109  1752787675   332517756  1752787675   332517756 "obj_dir/VUDP_rx_080_deadAll.tree"
T    185269  3670110  1752787675   348518119  1752787675   348518119 "obj_dir/VUDP_rx_084_cast.tree"
T    192759  3670111  1752787675   356518300  1752787675   356518300 "obj_dir/VUDP_rx_085_cctors.tree"
T        91  3670112  1752787675   358518345  1752787675   358518345 "obj_dir/VUDP_rx_086_common.tree"
T    193418  3670113  1752787675   365518504  1752787675   365518504 "obj_dir/VUDP_rx_087_variableorder.tree"
T        91  3670114  1752787675   367518549  1752787675   367518549 "obj_dir/VUDP_rx_088_cuse.tree"
T    194581  3670135  1752787675   400519297  1752787675   400519297 "obj_dir/VUDP_rx_990_final.tree"
T       760  3670115  1752787675   369518595  1752787675   369518595 "obj_dir/VUDP_rx__Syms.cpp"
T      1119  3670116  1752787675   370518617  1752787675   370518617 "obj_dir/VUDP_rx__Syms.h"
T       721  3670127  1752787675   375518731  1752787675   375518731 "obj_dir/VUDP_rx__TraceDecls__0__Slow.cpp"
T      3251  3670128  1752787675   375518731  1752787675   375518731 "obj_dir/VUDP_rx__Trace__0.cpp"
T     13198  3670126  1752787675   375518731  1752787675   375518731 "obj_dir/VUDP_rx__Trace__0__Slow.cpp"
T      5613  3670044  1752787675    90512275  1752787675    90512275 "obj_dir/VUDP_rx__UDP_rx.sv.vpp"
T      1707  3670120  1752787675   371518640  1752787675   371518640 "obj_dir/VUDP_rx___024root.h"
T     17695  3670125  1752787675   374518708  1752787675   374518708 "obj_dir/VUDP_rx___024root__DepSet_h72e544a2__0.cpp"
T     12424  3670123  1752787675   373518685  1752787675   373518685 "obj_dir/VUDP_rx___024root__DepSet_h72e544a2__0__Slow.cpp"
T      1846  3670124  1752787675   373518685  1752787675   373518685 "obj_dir/VUDP_rx___024root__DepSet_hd0deba62__0.cpp"
T       871  3670122  1752787675   372518662  1752787675   372518662 "obj_dir/VUDP_rx___024root__DepSet_hd0deba62__0__Slow.cpp"
T       652  3670121  1752787675   371518640  1752787675   371518640 "obj_dir/VUDP_rx___024root__Slow.cpp"
T      4663  3670045  1752787675    90512275  1752787675    90512275 "obj_dir/VUDP_rx__inputs.vpp"
T       699  3670119  1752787675   371518640  1752787675   371518640 "obj_dir/VUDP_rx__pch.h"
T     64524  3670134  1752787675   392519116  1752787675   392519116 "obj_dir/VUDP_rx__stats.txt"
T      3149  3670136  1752787675   401519320  1752787675   401519320 "obj_dir/VUDP_rx__ver.d"
T         0        0  1752787675   403519365  1752787675   403519365 "obj_dir/VUDP_rx__verFiles.dat"
T      5438  3670043  1752787675    86512184  1752787675    86512184 "obj_dir/VUDP_rx__verilated_std.sv.vpp"
T      1744  3670131  1752787675   386518980  1752787675   386518980 "obj_dir/VUDP_rx_classes.mk"
S      4594  3539037  1752787525   732128555  1752787525   732128555 "rtl/UDP_rx.sv"
